% 1-10788-38207-E-Lauf1	42213.47444				
Zeit	Drehmoment	Geschwindigkeit	Position	Schleppfehler	Positionsdifferenz
0	2.123683691	-0.74494338	0.008716583	0.000918203	-0.002642572
0.0012	1.106259584	-0.279297173	0.002269745	-0.000658698	-0.003152788
0.0024	0.179326549	-0.028590046	0.000171661	-0.000788644	-0.002540797
0.0036	-0.578063369	0.019518508	0	-0.000976622	-0.002247542
0.0048	-0.691553652	-0.070605926	0	-0.000976622	-0.00263676
0.006	-0.431318849	-0.101443917	0	0	-0.002815872
0.0072	-0.324173957	-0.08941111	0	0.000976473	-0.003006458
0.0084	-0.281774372	-0.06134861	0	0.001953095	-0.002907217
0.0096	-0.326730102	-0.030707344	0	0.001953095	-0.003424585
0.010799999	-0.369625509	-0.011592809	0	0.002929717	-0.002667308
0.011999999	-0.368642956	-0.000628172	0	0.002929717	-0.002723932
0.013199999	-0.395155489	-0.000221691	0	0.002929717	-0.002709031
0.014399999	-0.377438813	-4.30451E-05	0	0.002929717	-0.002716184
0.015599999	-0.359603494	0.001317149	0	0.002929717	-0.002706647
0.016799999	-0.368214011	0.000623612	0	0.002929717	-0.002690554
0.017999999	-0.343064427	0.003343879	0	0.002929717	-0.002667308
0.019199999	-0.319148988	0.004217588	0	0.002929717	-0.002618432
0.020399999	-0.292100042	0.001434944	0	0.002929717	-0.002584457
0.021599999	-0.273912251	-0.001241849	0	0.002929717	-0.002588034
0.022799999	-0.254043549	0.002872353	0	0.002929717	-0.002581477
0.023999999	-0.24777703	0.004834207	0	0.002929717	-0.002526641
0.025199999	-0.247149229	0.003826436	0	0.002929717	-0.002470613
0.026399999	-0.200834453	-0.000696912	0	0.002929717	-0.002456307
0.027599999	-0.186049402	0.001774922	0	0.002929717	-0.002452135
0.028799999	-0.173206434	0.002872924	0	0.002929717	-0.002424121
0.029999999	-0.147302896	0.005067046	0	0.002929717	-0.002375245
0.031199998	-0.143648595	0.003757897	0	0.002929717	-0.002315044
0.032399998	-0.111467078	0.002270608	0	0.002929717	-0.002284646
0.033599998	-0.097652361	0.003595459	0	0.002929717	-0.002247691
0.034799998	-0.085745119	0.00515517	0	0.002929717	-0.002196431
0.035999998	-0.064830415	0.004620747	0	0.002929717	-0.002139211
0.037199998	-0.040756322	0.004998895	0	0.002929717	-0.002084374
0.038399998	-0.032911137	0.00418524	0	0.002929717	-0.002028346
0.039599998	-0.026261995	0.006356479	0	0.002929717	-0.001968741
0.040799998	-0.090299658	0.00763372	0	0.001953095	-0.00284642
0.041999998	-0.078288473	0.000561655	0	0.001953095	-0.00280112
0.043199998	-0.019328076	0.000148474	0	0.001953095	-0.002813041
0.044399998	-0.030143524	0.003839369	0	0.001953095	-0.002780855
0.045599998	-0.009940102	0.005491929	0	0.001953095	-0.002725422
0.046799998	-0.018104883	0.005000866	0	0.001953095	-0.002660453
0.047999998	-0.02643846	0.00514919	0	0.001953095	-0.002593696
0.049199998	-0.020818289	0.004615997	0	0.001953095	-0.002540052
0.050399998	-0.002606271	0.006039574	0	0.001953095	-0.002475679
0.051599997	0.002132975	0.007572888	0	0.001953095	-0.002392828
0.052799997	0.005768474	0.008313965	0	0.001953095	-0.002298057
0.053999997	0.010032604	0.008211457	0	0.001953095	-0.002199113
0.055199997	-0.005225462	0.008477611	0	0.001953095	-0.002095401
0.056399997	0.001210542	0.008584215	0	0.001953095	-0.001992881
0.057599997	-0.002312108	0.011307671	0	0.000976473	-0.002862215
0.058799997	0.018870767	0.018907908	0	0.000976473	-0.002663732
0.059999997	0.00968617	0.013219865	0	0.000976473	-0.002467036
0.061199997	0.34687227	0.018355709	0.000247955	0.001207242	-0.00234127
0.062399997	1.760598302	0.189335972	0.002555847	0.003514935	-0.001264811
0.063599997	3.137658596	0.648581445	0.009422302	0.005509045	-0.001027584
0.064799997	4.358971596	1.365471601	0.023365021	0.007728785	-0.000274628
0.065999997	5.421178341	2.313765049	0.046863556	0.009736746	0.000986159
0.067199997	6.385393143	3.467154264	0.082397461	0.011095519	0.002379715
0.068399997	7.283543587	4.809425831	0.132465363	0.010391219	0.002370924
0.069599997	8.161507607	6.335935593	0.199584961	0.010116004	0.003137589
0.070799996	9.083768845	8.04882431	0.286216736	0.012762483	0.006905645
0.071999996	9.154064178	9.959308624	0.394115448	0.012276801	0.008344203
0.073199996	7.355068207	11.68623543	0.522174835	0.00946363	0.009620041
0.074399996	5.827939034	13.00307274	0.667896271	0.003819508	0.008190125
0.075599996	4.899022102	14.05617905	0.828800201	0.003594381	0.010747761
0.076799996	4.211885929	14.94037056	1.002407074	0.001413124	0.010013431
0.077999996	3.503728628	15.66406059	1.186199188	0.000642857	0.010020286
0.079199996	2.580227375	16.21463966	1.377716064	0.002697178	0.0126113
0.080399996	1.628304958	16.57297897	1.574420929	0.002154801	0.012684911
0.081599996	0.528764844	16.72470093	1.773872375	0.000429009	0.011752397
0.082799996	0.053123366	16.66126251	1.973876953	-0.001719557	0.010072738
0.083999996	0.300559044	16.55860329	2.173881531	-0.000938256	0.010025948
0.085199996	0.672441006	16.52156448	2.373867035	0.002772612	0.012114197
0.086399996	0.933653474	16.5699234	2.573871613	0.003553913	0.011429042
0.087599996	0.788812041	16.63175583	2.77387619	0.004335213	0.011541396
0.088799996	0.694425881	16.66493607	2.973880768	0.00316327	0.010182709
0.089999996	0.52443701	16.6821003	3.173885345	0.001991624	0.009144992
0.091199995	0.5343014	16.69377327	3.37387085	0.003748951	0.011153966
0.092399995	0.489776939	16.70053101	3.573875427	0.003553629	0.011321157
0.093599995	0.472026467	16.70112991	3.773880005	0.002381983	0.010566562
0.094799995	0.480808198	16.68937683	3.973884583	0.001210338	0.009717792
0.095999995	0.453775167	16.67504883	4.173870087	3.80957E-05	0.00876978
0.097199995	0.468999714	16.63852501	4.373874664	0.001796018	0.01038298
0.098399995	0.703598797	16.63523865	4.573879242	0.002577021	0.010732263
0.099599995	0.629787564	16.66965485	4.77388382	0.002381699	0.010388345
0.100799995	0.602727532	16.68112564	4.973869324	0.001210053	0.009367615
0.101999995	0.485782325	16.68248558	5.173873901	3.84077E-05	0.008447021
0.103199995	0.502248585	16.65941048	5.373878479	0.001795734	0.010243803
0.104399995	0.606906772	16.67004776	5.573883057	0.002577333	0.010960847
0.105599995	0.524753273	16.68420029	5.773868561	0.001405091	0.009967536
0.106799995	0.512095273	16.66862106	5.973873138	0.000233445	0.008931905
0.107999995	0.583238721	16.64808846	6.173877716	3.81237E-05	0.008594245
0.109199995	0.656558037	16.65389252	6.373882294	0.001796046	0.010101348
0.110399995	0.588990808	16.69101715	6.573867798	0.001600725	0.009972304
0.111599994	0.512295425	16.70799255	6.773872375	0.000428483	0.009229928
0.112799994	0.330270469	16.69018555	6.973876953	-0.000743163	0.00847891
0.113999994	0.316355914	16.66446686	7.173881531	-0.000938484	0.00837341
0.115199994	0.514941156	16.66555214	7.373867035	0.000819438	0.01007542
0.116399994	0.513753235	16.66424179	7.573871613	0.000624117	0.009866804
0.117599994	0.553822339	16.64697647	7.77387619	0.000428795	0.009507984
0.118799994	0.660700023	16.63684845	7.973880768	-0.000743447	0.007980913
0.119999994	0.593534231	16.66189957	8.173885345	-0.000938415	0.007602777
0.121199994	0.564946055	16.66866875	8.37387085	0.000819378	0.009363964
0.122399994	0.629985213	16.6790905	8.573875427	0.000624056	0.009245947
0.123599994	0.51047343	16.67696762	8.773880005	0.000428734	0.009186342
0.124799994	0.479362667	16.66292572	8.973884583	-0.000743135	0.008091778
0.125999994	0.552267194	16.65388489	9.173870087	-0.000938457	0.007797331
0.127199994	0.677299976	16.63379478	9.373874664	0.001795939	0.010241866
0.128399994	0.774247468	16.64841843	9.573879242	0.002577091	0.01068905
0.129599994	0.634521842	16.69101906	9.77388382	0.002381769	0.010620505
0.130799994	0.489355534	16.70933723	9.973869324	-0.00074327	0.007926226
0.131999993	0.412904829	16.69843292	10.1738739	-0.000938592	0.008201003
0.133199993	0.408453077	16.67373466	10.37387848	-0.000157291	0.009172261
0.134399993	0.529909551	16.66805077	10.57388306	0.00062386	0.00997588
0.135599993	0.525030553	16.67765045	10.77386856	0.000428539	0.00989005
0.136799993	0.475058287	16.64836502	10.97387314	-0.001719729	0.007698685
0.137999993	0.592857718	16.62312508	11.17387772	-0.000938727	0.008059889
0.139199993	0.755940497	16.63803101	11.37388229	0.000819196	0.009318739
0.140399993	0.666649818	16.68285751	11.5738678	0.001600496	0.010076612
0.141599993	0.537679493	16.70558548	11.77387238	0.000428553	0.009285957
0.142799993	0.363383412	16.68239021	11.97387695	-0.001720013	0.007490665
0.143999993	0.491928756	16.65523148	12.17388153	-0.001915335	0.007273108
0.145199993	0.554707348	16.64588928	12.37386703	0.00081921	0.009791702
0.146399993	0.619198799	16.65664673	12.57387161	0.000623888	0.009419471
0.147599993	0.504109621	16.66085243	12.77387619	0.000428567	0.009151846
0.148799993	0.604851186	16.65708542	12.97388077	-0.000743377	0.007839054
0.149999993	0.509759367	16.67427444	13.17386627	-0.000938997	0.007651895
0.151199993	0.542595387	16.68343163	13.37387085	0.000818926	0.009556562
0.152399992	0.439039886	16.68635559	13.57387543	0.000623604	0.009620339
0.153599992	0.334756553	16.67437363	13.77388	0.000428283	0.009596497
0.154799992	0.502651811	16.66379547	13.97388458	-0.001720283	0.007453114
0.155999992	0.547793627	16.65501213	14.17387009	-0.001915605	0.007172674
0.157199992	0.591838598	16.63165283	14.37387466	0.000819238	0.009599775
0.158399992	0.737701714	16.62815666	14.57387924	0.000623916	0.008898824
0.159599992	0.664777219	16.66272354	14.77388382	0.000428595	0.008466095
0.160799992	0.612758219	16.67917824	14.97386932	0.000233273	0.008351356
0.161999992	0.494451016	16.68237686	15.1738739	-0.000938969	0.007390231
0.163199992	0.545674801	16.66318703	15.37387848	0.000818954	0.009229034
0.164399992	0.649167061	16.67583466	15.57388306	0.001599956	0.010000616
0.165599992	0.520410359	16.69015884	15.77386856	0.000428311	0.0090684
0.166799992	0.506855071	16.67702484	15.97387314	-0.000743335	0.008112639
0.167999992	0.537981868	16.65469742	16.17387772	-0.000938657	0.007849783
0.169199992	0.676256657	16.65357971	16.37388229	0.00081867	0.009376556
0.170399992	0.596153796	16.68953705	16.5738678	0.000623348	0.00927195
0.171599992	0.476050138	16.70347595	16.77387238	0.000428027	0.00950858
0.172799991	0.388629556	16.6832428	16.97387695	-0.001719943	0.007690042
0.173999991	0.481378227	16.65732002	17.17388153	-0.000938941	0.008472055
0.175199991	0.531413734	16.65631485	17.37386703	0.000818982	0.010110289
0.176399991	0.609392464	16.6623497	17.57387161	0.00062366	0.009839386
0.177599991	0.625025451	16.65064812	17.77387619	0.001404663	0.010472387
0.178799991	0.663081408	16.64652443	17.97388077	-0.000743903	0.008061379
0.179999991	0.601893246	16.66565895	18.17386627	-0.000938871	0.007755365
0.181199991	0.560335755	16.67599297	18.37387085	0.001795506	0.010589696
0.182399991	0.582461536	16.68640327	18.57387543	0.0006236	0.009624436
0.183599991	0.46169889	16.68153191	18.77388	0.000428278	0.009651855
0.184799991	0.469005167	16.67059708	18.97388458	-0.001720139	0.007626042
0.185999991	0.536540985	16.65775299	19.17387009	-0.00191546	0.007373914
0.187199991	0.597056627	16.62807846	19.37387466	0.000818861	0.009799302
0.188399991	0.729109228	16.63974953	19.57387924	0.000623539	0.009144843
0.189599991	0.603446901	16.66657448	19.77388382	0.000428217	0.00883013
0.190799991	0.577023268	16.68786621	19.97386932	-0.000743726	0.007811785
0.19199999	0.452747881	16.68280792	20.1738739	-0.000939048	0.007892251
0.19319999	0.473874867	16.66197205	20.37387848	0.000818875	0.009709001
0.19439999	0.623875499	16.66393471	20.57388306	0.000623404	0.009429902
0.19559999	0.567241371	16.67831421	20.77386856	0.000428082	0.009357184
0.19679999	0.514516056	16.65369415	20.97387314	-0.000743861	0.00817731
0.19799999	0.654723346	16.63310623	21.17387772	-0.000939183	0.00763312
0.19919999	0.733635008	16.65544891	21.37388229	0.001795362	0.010057539
0.20039999	0.674288154	16.69400406	21.5738678	0.00160004	0.010000318
0.20159999	0.44091773	16.70703506	21.77387238	0.000428096	0.009332448
0.20279999	0.366050661	16.67366409	21.97387695	-0.001720469	0.007410198
0.20399999	0.4747307	16.65517807	22.17388153	-0.001915791	0.007125288
0.20519999	0.509924054	16.6487999	22.37386703	-0.000157868	0.008675605
0.20639999	0.556477606	16.65899658	22.57387161	0.000623432	0.009321123
0.20759999	0.540922999	16.66255188	22.77387619	0.00042811	0.009068996
0.20879999	0.580906332	16.65253067	22.97388077	-0.000743833	0.00773415
0.20999999	0.547338009	16.66558456	23.17386627	-0.000939453	0.007455796
0.21119999	0.587584019	16.67882729	23.37387085	0.00081847	0.009288639
0.212399989	0.485591441	16.69345856	23.57387543	0.000623148	0.009362847
0.213599989	0.319036484	16.68980789	23.77388	0.000427826	0.009448677
0.214799989	0.480177611	16.68468475	23.97388458	-0.000743819	0.008504838
0.215999989	0.475722462	16.67148018	24.17387009	-0.001916061	0.007526129
0.217199989	0.530106783	16.63463783	24.37387466	0.000818782	0.010090321
0.218399989	0.688004971	16.62794495	24.57387924	0.00062346	0.009417087
0.219599989	0.652744234	16.66084671	24.77388382	0.000428138	0.008952171
0.220799989	0.572422922	16.68101692	24.97386932	-0.000744103	0.007864386
0.221999989	0.477308542	16.67940331	25.1738739	-0.000939425	0.007890314
0.223199989	0.457786322	16.65734291	25.37387848	0.000818498	0.009666234
0.224399989	0.537642777	16.66320038	25.57388306	0.0015995	0.010330826
0.225599989	0.565086603	16.67483902	25.77386856	0.000427854	0.009200126
0.226799989	0.543965638	16.66140366	25.97387314	-0.000743791	0.008075684
0.227999989	0.584169507	16.64656639	26.17387772	-0.000939113	0.007693619
0.229199989	0.666017592	16.66175461	26.37388229	0.001795134	0.010215491
0.230399989	0.624664187	16.69369125	26.5738678	0.001599812	0.010178238
0.231599989	0.452323645	16.70786667	26.77387238	0.00042757	0.009487718
0.232799988	0.344924718	16.68039322	26.97387695	-0.0017204	0.00769034
0.233999988	0.375636756	16.65633774	27.17388153	-0.001915721	0.007475764
0.235199988	0.482907653	16.653965	27.37386703	0.000818525	0.010092109
0.236399988	0.62735194	16.65655136	27.57387161	0.001599528	0.010748953
0.237599988	0.596973181	16.65493584	27.77387619	0.000427882	0.009444803
0.238799988	0.66048497	16.65131378	27.97388077	-0.001720684	0.007094592
0.239999988	0.582202852	16.66986465	28.17386627	-0.000939327	0.007794704
0.241199988	0.513873219	16.67366219	28.37387085	0.000818465	0.009648874
0.242399988	0.567602754	16.67572403	28.57387543	0.000623143	0.009542182
0.243599988	0.501932085	16.66361618	28.77388	0.000427822	0.009363964
0.244799988	0.522332311	16.66178513	28.97386551	-0.000744048	0.008157343
0.245999988	0.550815105	16.64832687	29.17387009	-0.000939369	0.007835478
0.247199988	0.684759736	16.63685799	29.37387466	0.001795026	0.010247231
0.248399988	0.771365345	16.65945435	29.57387924	0.002576178	0.010763556
0.249599988	0.636776567	16.69750595	29.77388382	0.002380856	0.010774881
0.250799988	0.4847413	16.71259308	29.97386932	-0.000744183	0.008139014
0.251999988	0.401848197	16.69609451	30.1738739	-0.000939504	0.008419156
0.253199987	0.469175488	16.66413498	30.37387848	0.000818418	0.01028955
0.254399987	0.557703555	16.66953278	30.57388306	0.00159957	0.011027604
0.255599987	0.583683312	16.68210411	30.77386856	0.000427626	0.009990185
0.256799987	0.462466031	16.65806961	30.97387314	-0.001720642	0.007896572
0.257999987	0.577873766	16.62724304	31.17387772	-0.001915963	0.007361919
0.259199987	0.711112082	16.62874031	31.37388229	0.000818283	0.009584576
0.260399987	0.68743819	16.66820145	31.5738678	0.001599584	0.010188669
0.261599987	0.655619442	16.69235229	31.77387238	0.00042764	0.009221584
0.262799987	0.389766872	16.68175125	31.97387695	-0.001720926	0.007367283
0.263999987	0.458147883	16.66447639	32.17388153	-0.001916247	0.007183701
0.265199987	0.549910188	16.6558094	32.37386703	0.000818297	0.009854883
0.266399987	0.636156797	16.66413116	32.57387161	0.000622976	0.009604841
0.267599987	0.560337603	16.65692139	32.77387619	0.000427654	0.00932917
0.268799987	0.643153489	16.65335083	32.97388077	-0.00074429	0.007960647
0.269999987	0.574633479	16.67325592	33.17386627	-0.000939909	0.0077416
0.271199987	0.581250608	16.6833725	33.37387085	0.000818013	0.009656101
0.272399987	0.495228797	16.69004059	33.57387543	0.000622692	0.009725243
0.273599986	0.494586259	16.68217468	33.77388	0.00042737	0.009749979
0.274799986	0.532371521	16.67026329	33.97386551	-0.001721196	0.007701665
0.275999986	0.467105567	16.65550232	34.17387009	-0.001916518	0.007515699
0.277199986	0.593285561	16.62542725	34.37387466	0.000818325	0.009901077
0.278399986	0.753495991	16.63378143	34.57387924	0.000623004	0.009216517
0.279599986	0.62461704	16.66602135	34.77388382	0.000427682	0.008873194
0.280799986	0.586713433	16.67973709	34.97386932	-0.00074456	0.007798523
0.281999986	0.531488359	16.6727581	35.1738739	-0.000939881	0.007750541
0.283199986	0.526807845	16.6568203	35.37387848	0.000818041	0.009482652
0.284399986	0.560522497	16.66643143	35.57388306	0.001599044	0.010192543
0.285599986	0.58725965	16.68225098	35.77386856	0.000427398	0.009120852
0.286799986	0.55266124	16.66365623	35.97387314	-0.000744248	0.008051842
0.287999986	0.605797946	16.6473999	36.17387772	-0.000939569	0.007686168
0.289199986	0.659896672	16.6567955	36.37388229	0.000817757	0.009215027
0.290399986	0.57589221	16.6851387	36.5738678	0.001599356	0.0100483
0.291599986	0.5113464	16.69778442	36.77387238	0.000427114	0.00922218
0.292799986	0.394192994	16.68650818	36.97387695	-0.001720856	0.007392019
0.293999985	0.365914017	16.6595993	37.17388153	-0.000939853	0.008203834
0.295199985	0.52790767	16.66789818	37.37386703	-0.000158851	0.008928031
0.296399985	0.559719622	16.67007065	37.57387161	-0.000354173	0.008776635
0.297599985	0.483698696	16.64566803	37.77387619	-0.000549494	0.008494109
0.298799985	0.640109658	16.63034058	37.97388077	-0.00172114	0.006876439
0.299999985	0.574353516	16.64885712	38.17386627	-0.000939784	0.007352438
0.301199985	0.574580193	16.66320419	38.37387085	0.000818009	0.008993223
0.302399985	0.605445385	16.6670723	38.57387543	0.000622687	0.008795336
0.303599985	0.524460256	16.6726532	38.77388	0.000427365	0.008630827
0.304799985	0.61080575	16.66490173	38.97386551	-0.000744504	0.007470697
0.305999985	0.60111171	16.66588974	39.17387009	-0.000939826	0.007281154
0.307199985	0.632616043	16.6408577	39.37387466	0.000817948	0.008868277
0.308399985	0.7182073	16.64437103	39.57387924	0.001599248	0.00934422
0.309599985	0.669516444	16.67039871	39.77388382	0.001403927	0.0090307
0.310799985	0.61032027	16.68597794	39.97386932	-0.000744639	0.007016659
0.311999985	0.557814777	16.68610001	40.1738739	-0.000939961	0.007073283
0.313199984	0.488751113	16.66702652	40.37387848	0.000817962	0.00896275
0.314399984	0.620687604	16.67744827	40.57388306	0.000622491	0.008815974
0.315599984	0.507294834	16.68593216	40.77386856	0.00042717	0.008799881
0.316799984	0.545216918	16.65936852	40.97387314	-0.001721098	0.006722361
0.317999984	0.618751884	16.63215637	41.17387772	-0.000940096	0.007167011
0.319199984	0.728073895	16.63703346	41.37388229	0.000817827	0.008494407
0.320399984	0.695085764	16.67668533	41.5738678	0.001599127	0.009178966
0.321599984	0.565882206	16.69696045	41.77387238	0.000427184	0.008319169
0.322799984	0.454575747	16.68962669	41.97387695	-0.00074476	0.007494539
0.323999984	0.443087459	16.67461014	42.17388153	-0.001916704	0.006492287
0.325199984	0.492881387	16.65663528	42.37386703	0.000817841	0.009214729
0.326399984	0.581035554	16.65805817	42.57387161	0.000622519	0.008899122
0.327599984	0.607362926	16.64726639	42.77387619	0.000427198	0.00853315
0.328799984	0.662400186	16.65645599	42.97388077	-0.000744746	0.007132441
0.329999984	0.504730046	16.6710453	43.17386627	-0.000940366	0.006962866
0.331199984	0.531712532	16.67425156	43.37387085	0.000817557	0.008806139
0.332399984	0.495497346	16.68320274	43.57387543	0.000622235	0.00876978
0.333599983	0.408230811	16.68371773	43.77388	0.000426914	0.008766502
0.334799983	0.473595262	16.66894913	43.97386551	-0.001721652	0.006732792
0.335999983	0.47620979	16.65356827	44.17387009	-0.001916974	0.006478876
0.337199983	0.569441855	16.61526871	44.37387466	-0.000159051	0.007805973
0.338399983	0.783429146	16.61845016	44.57387924	0.000622547	0.007921904
0.339599983	0.689178526	16.66001129	44.77386475	0.000427226	0.00742659
0.340799983	0.572865069	16.67873001	44.97386932	-0.000745016	0.006341487
0.341999983	0.530068755	16.67007446	45.1738739	-0.000940338	0.00625208
0.343199983	0.518533528	16.64720917	45.37387848	0.000817585	0.007901341
0.344399983	0.62269789	16.65793228	45.57388306	0.000622263	0.007485002
0.345599983	0.570292652	16.67510223	45.77386856	0.000426942	0.007311255
0.346799983	0.495281368	16.66321373	45.97387314	-0.001721624	0.005225688
0.347999983	0.5722422	16.63314629	46.17387772	-0.000940026	0.005745739
0.349199983	0.724833488	16.64052773	46.37388229	0.000817301	0.007080287
0.350399983	0.560737848	16.68430519	46.5738678	0.000621979	0.006880313
0.351599983	0.516403735	16.70336914	46.77387238	0.000426657	0.007087439
0.352799983	0.364749283	16.68343925	46.97387695	-0.001721312	0.005296916
0.353999982	0.358946532	16.66807556	47.17388153	-0.001916634	0.005166084
0.355199982	0.468921393	16.66432953	47.37386703	-0.000159307	0.006906241
0.356399982	0.538263798	16.65614128	47.57387161	0.000622291	0.00760898
0.357599982	0.635061085	16.63972664	47.77387619	0.000426969	0.007140487
0.358799982	0.74600786	16.63653564	47.97388077	-0.000745272	0.005565137
0.359999982	0.630040109	16.66429329	48.17386627	-0.00094024	0.005219188
0.361199982	0.556964159	16.67865562	48.37387085	0.000817552	0.007065013
0.362399982	0.541733146	16.68568039	48.57387543	0.000622231	0.007045344
0.363599982	0.473082989	16.67167282	48.77388	0.000426909	0.007009581
0.364799982	0.560255051	16.66884232	48.97386551	-0.00074496	0.005839318
0.365999982	0.561199009	16.66236877	49.17387009	-0.000940282	0.005636066
0.367199982	0.632753789	16.64501572	49.37387466	0.000817492	0.007191002
0.368399982	0.703104973	16.64913368	49.57387924	0.001598792	0.007719398
0.369599982	0.651099384	16.68335342	49.77386475	0.001403471	0.00755012
0.370799982	0.57257086	16.70214653	49.97386932	-0.000745095	0.00574708
0.371999982	0.363162339	16.69625854	50.1738739	-0.00191689	0.005020946
0.373199982	0.423721641	16.65917969	50.37387848	0.000817506	0.007835031
0.374399981	0.595387578	16.66470337	50.57388306	0.000622035	0.007533878
0.375599981	0.50672549	16.6693306	50.77386856	0.000426713	0.007374734
0.376799981	0.536177695	16.64015388	50.97387314	-0.00074523	0.006039292
0.377999981	0.698885322	16.63327789	51.17387772	-0.000940552	0.005418211
0.379199981	0.760947824	16.64853668	51.37388229	0.001793993	0.007809252
0.380399981	0.670509219	16.69232941	51.5738678	0.001598671	0.007697195
0.381599981	0.475188017	16.70141792	51.77387238	0.000426727	0.006978065
0.382799981	0.398679376	16.67428589	51.97387695	-0.000745216	0.006081313
0.383999981	0.517083168	16.66050339	52.17388153	-0.000940538	0.005844682
0.385199981	0.597454906	16.65758133	52.37386703	0.000817385	0.007515997
0.386399981	0.614670813	16.67045784	52.57387161	0.000622063	0.007299036
0.387599981	0.563530922	16.66184616	52.77387619	0.000426741	0.00709042
0.388799981	0.613012254	16.66463089	52.97388077	-0.000745202	0.005831569
0.389999981	0.481525958	16.67388535	53.17386627	-0.001917146	0.004738718
0.391199981	0.475669444	16.67304993	53.37387085	0.000817101	0.007587224
0.392399981	0.531521201	16.67789841	53.57387543	0.000621779	0.007498413
0.393599981	0.378135532	16.67479706	53.77388	0.000426457	0.007462353
0.39479998	0.56063807	16.67910194	53.97386551	-0.001722109	0.005417913
0.39599998	0.505568445	16.66816711	54.17387009	-0.00191743	0.00535652
0.39719998	0.521206617	16.63455772	54.37387466	-0.000159508	0.006892532
0.39839998	0.690925658	16.63043976	54.57387924	0.000622091	0.007186383
0.39959998	0.678721189	16.66312408	54.77386475	0.000426769	0.006781369
0.40079998	0.581228018	16.68491364	54.97386932	-0.000745472	0.00576511
0.40199998	0.530926347	16.67285156	55.1738739	-0.000940794	0.005747825
0.40319998	0.495495826	16.65128136	55.37387848	0.000817128	0.007432252
0.40439998	0.658787251	16.66318512	55.57388306	0.000621807	0.007089823
0.40559998	0.573661566	16.68402672	55.77386856	0.000426485	0.007028133
0.40679998	0.475859255	16.66966057	55.97387314	-0.000745161	0.005996376
0.40799998	0.558695197	16.64281082	56.17387772	-0.000940482	0.005634874
0.40919998	0.682400942	16.65039825	56.37388229	0.000816844	0.00709489
0.41039998	0.621162474	16.68788147	56.5738678	0.000621523	0.006958395
0.41159998	0.429666162	16.70363617	56.77387238	0.000426201	0.007192641
0.41279998	0.392456919	16.6846447	56.97387695	-0.001721769	0.005370826
0.41399998	0.346944004	16.66148376	57.17388153	-0.00191709	0.005243868
0.415199979	0.504710495	16.65560913	57.37386703	0.000817156	0.007876009
0.416399979	0.596800327	16.66270638	57.57387161	0.000621835	0.00760898
0.417599979	0.599428952	16.65797234	57.77387619	0.000426513	0.007340759
0.418799979	0.597511292	16.6464119	57.97388077	-0.000745729	0.005952567
0.419999979	0.583824992	16.658638	58.17386627	-0.000940696	0.005586948
0.421199979	0.621736467	16.67190742	58.37387085	0.000817096	0.007330254
0.422399979	0.524467885	16.6755085	58.57387543	0.000621774	0.007220581
0.423599979	0.505741179	16.66614151	58.77388	0.000426453	0.007045344
0.424799979	0.532949746	16.66727448	58.97386551	-0.001721964	0.004894361
0.425999979	0.512759686	16.65985489	59.17387009	-0.000940738	0.005644411
0.427199979	0.58244729	16.63449478	59.37387466	0.000817035	0.007131994
0.428399979	0.749713957	16.63999557	59.57387924	0.001598336	0.007478595
0.429599979	0.644900262	16.67956543	59.77386475	0.001403014	0.00723958
0.430799979	0.548520088	16.69285202	59.97386932	-0.000745552	0.005363822
0.431999979	0.436063915	16.68345261	60.1738739	-0.000940873	0.005472302
0.433199979	0.48854816	16.66295052	60.37387848	0.000817049	0.007303953
0.434399978	0.672087848	16.67423248	60.57386398	0.000621579	0.007075518
0.435599978	0.535406828	16.68461227	60.77386856	0.000426257	0.007083863
0.436799978	0.493962526	16.66012955	60.97387314	-0.000745687	0.006003529
0.437999978	0.638246536	16.63247681	61.17387772	-0.000941008	0.005505234
0.439199978	0.724123299	16.64391708	61.37388229	0.001793536	0.007856935
0.440399978	0.700744987	16.67734909	61.5738678	0.001598215	0.007592291
0.441599978	0.520436764	16.69648361	61.77387238	0.000426271	0.006752759
0.442799978	0.38196069	16.68649101	61.97387695	-0.000745673	0.005897731
0.443999978	0.444797754	16.67166519	62.17388153	-0.001917616	0.004867464
0.445199978	0.51390475	16.66164017	62.37386703	0.000816928	0.007561296
0.446399978	0.610057235	16.67007446	62.57387161	0.000621607	0.007354766
0.447599978	0.563460529	16.66552734	62.77387619	0.000426285	0.007183105
0.448799978	0.60438174	16.65857506	62.97388077	-0.001722281	0.004926771
0.449999978	0.455619603	16.67207336	63.17386627	-0.000941278	0.005747527
0.451199978	0.503292203	16.66807175	63.37387085	0.000816644	0.007554442
0.452399978	0.531486154	16.67935562	63.57387543	0.001598243	0.008431524
0.453599978	0.495532155	16.68122482	63.77388	0.000426001	0.007425398
0.454799977	0.50104773	16.67685509	63.97386551	-0.001722565	0.005428642
0.455999977	0.488265574	16.66322899	64.17387009	-0.001917887	0.005277842
0.457199977	0.55584234	16.62524414	64.37387466	-0.000159964	0.006736666
0.458399977	0.715378761	16.62382507	64.57387924	0.000621635	0.006942898
0.459599977	0.6521312	16.65897369	64.77386475	0.000426313	0.006465465
0.460799977	0.580994308	16.6737709	64.97386932	-0.000745929	0.005331784
0.461999977	0.482714713	16.67779922	65.1738739	-0.00094125	0.005289465
0.463199977	0.445221633	16.66128922	65.37387848	0.000816672	0.007087141
0.464399977	0.532257378	16.67494965	65.57386398	0.00062135	0.00688836
0.465599977	0.531552613	16.68770599	65.77386856	0.000426029	0.006882995
0.466799977	0.458726674	16.67840576	65.97387314	-0.001722537	0.00497058
0.467999977	0.464102596	16.63941574	66.17387772	-0.001917859	0.004660636
0.469199977	0.664432228	16.63106537	66.37388229	0.000816388	0.006927997
0.470399977	0.633852243	16.67205429	66.5738678	0.000621066	0.006554574
0.471599977	0.5331949	16.69601631	66.77387238	0.000425745	0.006643087
0.472799977	0.394564569	16.67978096	66.97387695	-0.001722225	0.004789978
0.473999977	0.314211696	16.66319847	67.17388153	-0.001917547	0.004643351
0.475199976	0.501992404	16.66198349	67.37386703	0.0008167	0.007316917
0.476399976	0.56754905	16.65875626	67.57387161	-0.000355542	0.00609085
0.477599976	0.607836604	16.64422607	67.77387619	0.000426057	0.006692261
0.478799976	0.675972641	16.63908768	67.97388077	-0.000746185	0.005166978
0.479999976	0.603272915	16.66194153	68.17386627	-0.000941153	0.004806127
0.481199976	0.601448178	16.67892838	68.37387085	0.00081664	0.006632879
0.482399976	0.50306356	16.68086433	68.57387543	0.000621318	0.006585196
0.483599976	0.514885068	16.67468643	68.77388	0.000425996	0.006492212
0.484799976	0.524263322	16.66526413	68.97386551	-0.000745873	0.005332083
0.485999976	0.531774521	16.66238403	69.17387009	-0.000941195	0.005087703
0.487199976	0.609207213	16.64081192	69.37387466	0.000816579	0.006622374
0.488399976	0.710980535	16.65115929	69.57387924	0.001597879	0.007166266
0.489599976	0.601675987	16.68260574	69.77386475	0.001402558	0.007026792
0.490799976	0.525694728	16.68998528	69.97386932	-0.000746008	0.005146861
0.491999976	0.45717448	16.68011665	70.1738739	-0.00094133	0.00518918
0.493199976	0.481925607	16.66038132	70.37387848	0.000816593	0.006973147
0.494399976	0.693324208	16.66416931	70.57386398	0.000621122	0.006654114
0.495599975	0.563487113	16.6755085	70.77386856	0.000425801	0.006511658
0.496799975	0.482107371	16.6675415	70.97387314	-0.001722467	0.004457384
0.497999975	0.530916154	16.63832855	71.17387772	-0.001917789	0.004080683
0.499199975	0.668061078	16.63841438	71.37388229	0.000816458	0.006410629
0.500399975	0.68212676	16.67074585	71.5738678	0.000621136	0.00606969
0.501599975	0.496814072	16.68927765	71.77387238	0.000425815	0.006108433
0.502799975	0.412702501	16.67514038	71.97387695	-0.001722751	0.004156977
0.503999975	0.49639672	16.6594429	72.17388153	-0.000941451	0.004903525
0.505199975	0.552130282	16.65914154	72.37386703	0.000816472	0.006564707
0.506399975	0.621063292	16.66812134	72.57387161	0.00062115	0.006349832
0.507599975	0.546126664	16.65846443	72.77387619	0.000425829	0.006113201
0.508799975	0.61916256	16.65156364	72.97388077	-0.000746115	0.004737228
0.509999975	0.566603363	16.6673317	73.17386627	-0.000941735	0.004468709
0.511199975	0.573952138	16.67956161	73.37387085	0.000816188	0.00633046
0.512399975	0.486981958	16.68879318	73.57387543	0.001597786	0.007346421
0.513599975	0.472548008	16.68470764	73.77388	0.000425545	0.006425232
0.514799975	0.514206529	16.68609619	73.97386551	-0.001723021	0.004465431
0.515999974	0.48658821	16.67542267	74.17387009	-0.001918343	0.00445351
0.517199974	0.505793095	16.63849258	74.37387466	-0.00016042	0.006058067
0.518399974	0.665823162	16.62620163	74.57387924	0.000621178	0.006374568
0.519599974	0.617456436	16.65680504	74.77386475	0.000425857	0.005925745
0.520799974	0.606963575	16.67769051	74.97386932	-0.000746385	0.00478968
0.521999974	0.521544516	16.67633057	75.1738739	-0.001918031	0.003774315
0.523199974	0.435435474	16.65194702	75.37387848	0.000816216	0.006464869
0.524399974	0.60409373	16.65031052	75.57386398	0.000620894	0.006044358
0.525599974	0.606140018	16.67139244	75.77386856	0.000425573	0.005795807
0.526799974	0.58804363	16.66501617	75.97387314	-0.000746073	0.004658252
0.527999974	0.582515419	16.64669037	76.17387772	-0.000941395	0.00432238
0.529199974	0.686852515	16.65691757	76.37386322	0.001792852	0.006838888
0.530399974	0.54081887	16.6989212	76.5738678	0.00159753	0.006827563
0.531599974	0.44441402	16.71424866	76.77387238	0.000425288	0.006176382
0.532799974	0.393498898	16.69240761	76.97387695	-0.001722681	0.004456788
0.533999974	0.316930562	16.67004967	77.17388153	-0.001918003	0.004392117
0.535199973	0.42169711	16.65309525	77.37386703	0.000816244	0.007054061
0.536399973	0.613723695	16.65402603	77.57387161	0.000620922	0.006658882
0.537599973	0.595714808	16.65024376	77.77387619	0.0004256	0.006303638
0.538799973	0.608219087	16.65122223	77.97388077	-0.000746641	0.004904717
0.539999973	0.581781685	16.66571045	78.17386627	-0.000941609	0.00463089
0.541199973	0.557663977	16.68230438	78.37387085	0.000816183	0.00651367
0.542399973	0.511688888	16.68363762	78.57387543	0.000620862	0.006516054
0.543599973	0.457178235	16.67022705	78.77388	0.00042554	0.006414726
0.544799973	0.521924853	16.66264725	78.97386551	-0.001722877	0.004222021
0.545999973	0.553660154	16.65006256	79.17387009	-0.000941651	0.004910082
0.547199973	0.685313344	16.63623238	79.37387466	0.000816123	0.006345809
0.548399973	0.745715499	16.65117264	79.57387924	0.001597423	0.006852746
0.549599973	0.607262194	16.68666458	79.77386475	0.001402101	0.006738901
0.550799973	0.466516882	16.70355988	79.97386932	-0.000746464	0.004992485
0.551999973	0.408977836	16.69870758	80.1738739	-0.000941786	0.005230904
0.553199973	0.38511923	16.67185211	80.37387848	0.000816137	0.00718236
0.554399973	0.531218946	16.66941071	80.57386398	0.000620666	0.006981343
0.555599972	0.497186601	16.68108559	80.77386856	0.000425344	0.006959289
0.556799972	0.4738653	16.65111351	80.97387314	-0.001722923	0.004845411
0.557999972	0.583619654	16.6240387	81.17387772	-0.000941921	0.005214363
0.559199972	0.671459198	16.63327408	81.37386322	0.000816002	0.006458312
0.560399972	0.683413029	16.66784668	81.5738678	0.001597302	0.007061809
0.561599972	0.578675985	16.70111084	81.77387238	0.00140198	0.007108301
0.562799972	0.425818771	16.70051384	81.97387695	-0.001723208	0.004438311
0.563999972	0.3268978	16.67331696	82.17388153	-0.000941907	0.005442947
0.565199972	0.505847991	16.65503883	82.37386703	0.000816016	0.007139891
0.566399972	0.556521416	16.66247177	82.57387161	0.000620694	0.006869584
0.567599972	0.551009238	16.65296555	82.77387619	0.000425372	0.006545335
0.568799972	0.616765499	16.65363312	82.97388077	-0.000746571	0.005143732
0.569999972	0.543213785	16.66943359	83.17386627	-0.000942191	0.00489071
0.571199972	0.56531781	16.68402672	83.37387085	0.000815731	0.006797761
0.572399972	0.452183753	16.69556808	83.57387543	0.00062041	0.006891936
0.573599972	0.369203061	16.68477631	83.77388	0.000425088	0.006972402
0.574799972	0.483036369	16.67305374	83.97386551	-0.001723478	0.004911572
0.575999971	0.399329185	16.6579628	84.17387009	-0.001918799	0.004749447
0.577199971	0.570882559	16.62405396	84.37387466	-0.000160877	0.006157607
0.578399971	0.719632208	16.62815094	84.57387924	0.001597046	0.007366687
0.579599971	0.682783902	16.66794205	84.77386475	0.001401724	0.00696674
0.580799971	0.545715332	16.69080353	84.97386932	-0.000746842	0.005050153
0.581999971	0.462726116	16.67817307	85.1738739	-0.000942163	0.00511989
0.583199971	0.468784839	16.65517044	85.37387848	0.000815759	0.006856471
0.584399971	0.583362818	16.66447449	85.57386398	0.000620438	0.00653103
0.585599971	0.525133908	16.68820953	85.77386856	0.000425116	0.006484538
0.586799971	0.425161868	16.66976738	85.97387314	-0.00172345	0.004536659
0.587999971	0.497379094	16.63088226	86.17387772	-0.000941851	0.005083531
0.589199971	0.704177082	16.63298416	86.37386322	0.000815475	0.00635311
0.590399971	0.573389471	16.67869186	86.5738678	0.001597074	0.00704214
0.591599971	0.475819707	16.69781494	86.77387238	0.000424832	0.006211847
0.592799971	0.363537967	16.68177032	86.97387695	-0.001723138	0.004385263
0.593999971	0.403167188	16.66165352	87.17388153	-0.001918459	0.004204065
0.595199971	0.507932663	16.63395309	87.37386703	-0.000161133	0.005692989
0.59639997	0.62522459	16.64710808	87.57387161	0.000620466	0.006177276
0.59759997	0.559770465	16.64731216	87.77387619	0.000425144	0.005816072
0.59879997	0.617707253	16.65134621	87.97388077	-0.000747098	0.004390925
0.59999997	0.595460594	16.66889763	88.17386627	-0.000942065	0.004097428
0.60119997	0.534635186	16.67536926	88.37387085	0.000815727	0.005945042
0.60239997	0.529902518	16.67963982	88.57387543	0.000620405	0.005890206
0.60359997	0.446046025	16.67045403	88.77388	0.000425084	0.005778149
0.60479997	0.534710467	16.66568375	88.97386551	-0.000746786	0.004581064
0.60599997	0.529239655	16.65639114	89.17387009	-0.000942107	0.004319996
0.60719997	0.572420299	16.6356163	89.37387466	0.001792288	0.006796718
0.60839997	0.743211806	16.65415573	89.57387924	0.00257344	0.007286817
0.60959997	0.618875623	16.69585419	89.77386475	0.001401645	0.006255507
0.61079997	0.478511631	16.71318817	89.97386932	-0.000746921	0.00459075
0.61199997	0.367078632	16.70271301	90.1738739	-0.001918715	0.003939122
0.61319997	0.356206506	16.67086983	90.37387848	0.00081568	0.006882548
0.61439997	0.549525201	16.66531944	90.57386398	0.00062021	0.006642789
0.61559997	0.519306302	16.67671394	90.77386856	0.000424888	0.006576031
0.616799969	0.471221	16.66071701	90.97387314	-0.00172338	0.004471689
0.617999969	0.577077866	16.6356926	91.17387772	-0.000942377	0.005013496
0.619199969	0.673329055	16.64836121	91.37386322	0.001792167	0.007384866
0.620399969	0.663149357	16.68091011	91.5738678	0.001596846	0.007172674
0.621599969	0.535349011	16.70642662	91.77387238	0.000424902	0.006385595
0.622799969	0.3822698	16.68463898	91.97387695	-0.000747042	0.005565137
0.623999969	0.444267601	16.66188049	92.17386246	-0.000942363	0.005397648
0.625199969	0.511253655	16.6514473	92.37386703	0.000815559	0.007018894
0.626399969	0.58798933	16.65637207	92.57387161	0.00159686	0.007674545
0.627599969	0.592269719	16.65840149	92.77387619	0.001401538	0.007413775
0.628799969	0.645820498	16.66376114	92.97388077	-0.000747028	0.005162507
0.629999969	0.484322846	16.68756294	93.17386627	-0.000942647	0.00509873
0.631199969	0.486743063	16.68788338	93.37387085	0.000815275	0.007096976
0.632399969	0.461462498	16.68809891	93.57387543	0.000619953	0.007170588
0.633599969	0.417204827	16.68016815	93.77388	-0.000551692	0.006216019
0.634799969	0.442257822	16.6774025	93.97386551	-0.001723934	0.00519529
0.635999969	0.40024814	16.65661621	94.17387009	-0.001919256	0.005028695
0.637199968	0.566619217	16.61864853	94.37387466	0.000815587	0.007369667
0.638399968	0.757877111	16.62564087	94.57387924	0.000620265	0.006567091
0.639599968	0.63661623	16.66249847	94.77386475	0.000424944	0.00615105
0.640799968	0.553406954	16.68114281	94.97386932	-0.000747298	0.005073398
0.641999968	0.501410306	16.6807251	95.1738739	-0.00094262	0.005079061
0.643199968	0.448392898	16.65335274	95.37387848	0.000815303	0.006858259
0.644399968	0.576695859	16.66119003	95.57386398	0.001596306	0.007488579
0.645599968	0.598451614	16.67658806	95.77386856	0.00042466	0.006348044
0.646799968	0.507144034	16.66684341	95.97387314	-0.000746986	0.005242079
0.647999968	0.563087285	16.64200974	96.17387772	-0.000942308	0.004876703
0.649199968	0.673253834	16.651577	96.37386322	0.000815019	0.006340295
0.650399968	0.53263998	16.69160461	96.5738678	0.000619697	0.006240755
0.651599968	0.432116807	16.70318604	96.77387238	0.000424376	0.006513149
0.652799968	0.328984797	16.6853714	96.97387695	-0.001723594	0.004696399
0.653999968	0.263073534	16.6566124	97.17386246	-0.001918916	0.004515201
0.655199968	0.504282355	16.65474319	97.37386703	0.000815331	0.007048398
0.656399967	0.610580385	16.66138077	97.57387161	0.000620009	0.006745309
0.657599967	0.56303215	16.65557098	97.77387619	0.000424688	0.00648126
0.658799967	0.637836874	16.64553452	97.97388077	-0.000747554	0.005063862
0.659999967	0.559285939	16.65680504	98.17386627	-0.000942522	0.00470778
0.661199967	0.551734507	16.66587257	98.37387085	0.00081527	0.006451681
0.662399967	0.579479218	16.66502762	98.57387543	0.000619949	0.006227568
0.663599967	0.588127255	16.67025375	98.77388	0.000424627	0.006007031
0.664799967	0.501568556	16.66671944	98.97386551	-0.00172379	0.003907308
0.665999967	0.544742405	16.65382004	99.17387009	-0.000942564	0.004608482
0.667199967	0.584028602	16.63375473	99.37387466	0.00081521	0.006064475
0.668399967	0.702645957	16.64738846	99.57387924	0.00159651	0.006532073
0.669599967	0.603805423	16.68069458	99.77386475	0.001401189	0.006355643
0.670799967	0.488634795	16.69604874	99.97386932	-0.000747377	0.0045228
0.671999967	0.423956364	16.6949234	100.1738739	-0.001919172	0.003716797
0.673199967	0.378573656	16.66400909	100.3738785	0.000815224	0.006595254
0.674399967	0.601843357	16.66455078	100.573864	0.000619753	0.006310195
0.675599967	0.535591483	16.65975952	100.7738686	0.000424432	0.006064624
0.676799966	0.568355262	16.65213013	100.9738731	-0.001723836	0.003810078
0.677999966	0.585780263	16.63444138	101.1738777	-0.000942834	0.004267842
0.679199966	0.668082476	16.64242935	101.3738632	0.000815089	0.005656034
0.680399966	0.607287884	16.67354012	101.5738678	0.000619767	0.005363971
0.681599966	0.521638572	16.68859673	101.7738724	0.000424446	0.005393773
0.682799966	0.436941952	16.67963219	101.973877	-0.00172412	0.00344649
0.683999966	0.512095749	16.66131592	102.1738625	-0.001919442	0.003289133
0.685199966	0.535128415	16.65326118	102.373867	0.000815103	0.005878657
0.686399966	0.578122675	16.65763092	102.5738716	0.000619781	0.005575866
0.687599966	0.540697098	16.65908813	102.7738762	0.00042446	0.005308837
0.688799966	0.591183662	16.6508522	102.9738808	-0.001724106	0.002983361
0.689999966	0.519349396	16.6660347	103.1738663	-0.001919428	0.002707392
0.691199966	0.501586378	16.670681	103.3738708	0.000814819	0.005470067
0.692399966	0.508060038	16.68031693	103.5738754	0.000619497	0.00538066
0.693599966	0.399048239	16.6754818	103.77388	0.000424176	0.005320162
0.694799966	0.493155777	16.6868782	103.9738655	-0.00172439	0.003334731
0.695999966	0.418065965	16.67526054	104.1738701	-0.001919712	0.003331155
0.697199965	0.497503489	16.63034439	104.3738747	-0.000161789	0.004880875
0.698399965	0.681814969	16.61613083	104.5738792	0.000619809	0.00507161
0.699599965	0.688546181	16.65575409	104.7738647	0.000424488	0.004546493
0.700799965	0.555256844	16.68534088	104.9738693	-0.000747754	0.003492385
0.701999965	0.469788641	16.67409515	105.1738739	-0.000943076	0.00347957
0.703199965	0.46866411	16.64658546	105.3738785	0.000814847	0.005141646
0.704399965	0.577828109	16.65814972	105.573864	0.001595849	0.005733818
0.705599965	0.548297226	16.67961121	105.7738686	0.000424203	0.004626065
0.706799965	0.499618679	16.67372131	105.9738731	-0.001724362	0.002616793
0.707999965	0.529636681	16.6435051	106.1738777	-0.001919684	0.002292246
0.709199965	0.616696358	16.64064407	106.3738632	0.000814563	0.004686564
0.710399965	0.655584395	16.67319107	106.5738678	0.000619241	0.004394203
0.711599965	0.494262576	16.70453644	106.7738724	0.000423919	0.004572719
0.712799965	0.314659774	16.68914795	106.973877	-0.00172405	0.002809912
0.713999965	0.439761102	16.66136169	107.1738625	-0.001919372	0.002643615
0.715199965	0.494870245	16.64535522	107.373867	0.000814875	0.00517264
0.716399965	0.63452363	16.65951347	107.5738716	0.000619553	0.004780143
0.717599964	0.6096434	16.65980148	107.7738762	0.000424231	0.004522055
0.718799964	0.626632512	16.65673637	107.9738808	-0.00074801	0.003214329
0.719999964	0.519852281	16.66362762	108.1738663	-0.000942978	0.002983417
0.721199964	0.506096482	16.66601181	108.3738708	0.000814814	0.004737452
0.722399964	0.583521605	16.66805458	108.5738754	0.000619492	0.004528835
0.723599964	0.492872864	16.66875076	108.77388	0.000424171	0.004338101
0.724799964	0.494222909	16.66669273	108.9738655	-0.001724246	0.002205595
0.725999964	0.51279223	16.65435028	109.1738701	-0.001919568	0.001970753
0.727199964	0.582822502	16.63287354	109.3738747	0.000814754	0.004417002
0.728399964	0.726578236	16.64052582	109.5738792	0.001596054	0.00482142
0.729599964	0.609708726	16.68221283	109.7738647	0.00042411	0.003629625
0.730799964	0.509572446	16.69639969	109.9738693	-0.000747833	0.002774
0.731999964	0.373461455	16.68854523	110.1738739	-0.000943155	0.002908707
0.733199964	0.472961694	16.66667175	110.3738785	0.000814768	0.004735589
0.734399964	0.58649832	16.67839813	110.573864	0.000619297	0.004591793
0.735599964	0.500670254	16.68686295	110.7738686	0.000423975	0.004649609
0.736799964	0.410670489	16.65379333	110.9738731	-0.001724293	0.002563149
0.737999963	0.596451342	16.62477303	111.1738777	-0.00094329	0.002947003
0.739199963	0.678083658	16.64064026	111.3738632	0.000814633	0.004243404
0.740399963	0.635536611	16.67784691	111.5738678	0.000619311	0.003972799
0.741599963	0.529313862	16.69909286	111.7738724	0.000423989	0.004100949
0.742799963	0.343432814	16.67468071	111.973877	-0.001724577	0.002184063
0.743999963	0.463341266	16.65303421	112.1738625	-0.000943276	0.002881736
0.745199963	0.574605346	16.64925385	112.373867	0.000814646	0.004430264
0.746399963	0.630604804	16.66156197	112.5738716	0.000619325	0.004130751
0.747599963	0.575388908	16.66140366	112.7738762	0.000424003	0.003898293
0.748799963	0.569885314	16.65764427	112.9738617	-0.000747941	0.002603978
0.749999963	0.537391961	16.67208481	113.1738663	-0.00094356	0.00237897
0.751199963	0.571109176	16.68073082	113.3738708	0.000814362	0.004277676
0.752399963	0.46771723	16.69058609	113.5738754	0.000619041	0.004361719
0.753599963	0.473803937	16.68192291	113.77388	0.000423719	0.004393309
0.754799963	0.414057285	16.66194153	113.9738655	-0.001724847	0.002305359
0.755999963	0.539653361	16.64868164	114.1738701	-0.001920168	0.001940876
0.757199963	0.581743598	16.62560654	114.3738747	0.000814674	0.004317313
0.758399962	0.737046003	16.63394165	114.5738792	0.000619353	0.003630072
0.759599962	0.612411141	16.66401291	114.7738647	0.000424031	0.003254265
0.760799962	0.56972301	16.68324661	114.9738693	-0.001724535	0.001223236
0.761999962	0.430228531	16.66985321	115.1738739	-0.001919856	0.001204461
0.763199962	0.501731038	16.64398956	115.3738785	-0.000161934	0.00278756
0.764399962	0.598269522	16.65374947	115.573864	-0.000357255	0.002325922
0.765599962	0.574677289	16.66345024	115.7738686	-0.000552577	0.002006739
0.766799962	0.533901334	16.64806557	115.9738731	-0.001724819	0.000716895
0.767999962	0.551699281	16.62795258	116.1738777	-0.00094322	0.001149625
0.769199962	0.681677938	16.63650703	116.3738632	0.000814106	0.002439767
0.770399962	0.638470769	16.68000984	116.5738678	0.000618785	0.002170056
0.771599962	0.483888358	16.70032883	116.7738724	0.000423463	0.002323538
0.772799962	0.372520596	16.6890831	116.973877	-0.002701427	-0.000444204
0.773999962	0.202704087	16.65557098	117.1738625	-0.001919828	0.000392944
0.775199962	0.489237309	16.64733696	117.373867	-0.000162502	0.001931638
0.776399962	0.584210396	16.64811707	117.5738716	-0.000357823	0.001519173
0.777599961	0.557053983	16.63929749	117.7738762	-0.000553145	0.001057833
0.778799961	0.607903898	16.63240433	117.9738617	-0.002701115	-0.001486093
0.779999961	0.527380168	16.64064407	118.1738663	-0.001919991	-0.001066355
0.781199961	0.22446087	16.63339424	118.373642	-0.000392941	0.00037536
0.782399961	-1.001136422	16.46074295	118.5713387	-0.001919323	-0.000128672
0.783599961	-2.419107199	16.01169395	118.7644577	-0.005085152	-0.001647025
0.784799961	-3.71122551	15.26731682	118.9505196	-0.00847654	-0.003771111
0.785999961	-4.655303478	14.27432251	119.1270256	-0.00970291	-0.004960075
0.787199961	-5.293830395	13.12014961	119.2914963	-0.007350375	-0.003674626
0.788399961	-6.128352642	11.81892776	119.4414139	-0.00977068	-0.00747174
0.789599961	-7.271623135	10.29488277	119.5742989	-0.009690435	-0.008817911
0.790799961	-8.264751434	8.582277298	119.6876717	-0.011554888	-0.012307763
0.791999961	-8.263692856	6.723882675	119.7797585	-0.009310987	-0.012125969
0.793199961	-6.701425076	5.049035072	119.8517227	-0.008645561	-0.014885068
0.794399961	-5.413505554	3.70622015	119.9059868	-0.007102645	-0.016789883
0.795599961	-4.514853954	2.597838402	119.9450874	-0.005119357	-0.017437935
0.796799961	-3.635321856	1.676384807	119.9714851	-0.004109576	-0.018349439
0.79799996	-2.767632484	0.945387959	119.9876785	-0.002557768	-0.018257052
0.79919996	-1.823837161	0.411352128	119.9961853	-0.001877815	-0.018725693
0.80039996	-0.83432579	0.087783061	119.9994469	-0.001530503	-0.019277185
0.80159996	-0.062486939	-0.026470277	120	-0.000976622	-0.019298643
0.80279996	0.349542171	0.03536316	120	0	-0.018342286
0.80399996	0.128644645	0.087202802	120	-0.000976622	-0.018444508
0.80519996	0.000620597	0.096911579	120	-0.002929717	-0.019238889
0.80639996	-0.073224522	0.070152715	120	-0.003906339	-0.019181967
0.80759996	-0.076878041	0.026381545	120	-0.003906339	-0.018647909
0.80879996	0.007568784	-0.004046495	120	-0.003906339	-0.018580556
0.80999996	0.003691673	-0.009609283	120	-0.003906339	-0.018699765
0.81119996	0.00300128	0.000774193	120	-0.003906339	-0.018752813
0.81239996	0.001764038	0.004997001	120	-0.003906339	-0.018689632
0.81359996	-0.000163126	-0.001300279	120	-0.003906339	-0.018674135
0.81479996	0.013637231	-0.004295087	120	-0.003906339	-0.018722415
0.81599996	-0.021526419	-0.002539772	120	-0.003906339	-0.018760562
0.81719996	-0.055491667	-0.004633432	120	-0.003906339	-0.018804073
0.818399959	-0.095900029	-0.006240081	120	-0.003906339	-0.018875003
0.819599959	-0.115354396	-0.005068435	120	-0.003906339	-0.01893878
0.820799959	-0.150221512	-0.007855738	120	-0.003906339	-0.01901269
0.821999959	-0.164992303	-0.008416174	120	-0.003906339	-0.019117594
0.823199959	-0.149378553	-0.008050073	120	-0.003906339	-0.019226074
0.824399959	-0.209645569	-0.005192177	120	-0.003906339	-0.019294024
0.825599959	-0.210402027	-0.01225817	120	-0.002929717	-0.018424094
0.826799959	-0.185476437	-0.00958625	120	-0.002929717	-0.018567741
0.827999959	-0.215956926	-0.007814569	120	-0.002929717	-0.0186643
0.829199959	-0.218516633	-0.004783372	120	-0.002929717	-0.018735826
0.830399959	-0.266565502	-0.006952558	120	-0.002929717	-0.018802583
0.831599959	-0.244262666	-0.009752478	120	-0.002929717	-0.018911064
0.832799959	-0.258984178	-0.010883547	120	-0.001953095	-0.018058419
0.833999959	-0.264800578	-0.010165475	120	-0.002929717	-0.019161403
0.835199959	-0.277273357	-0.013653699	120	-0.001953095	-0.018324256
0.836399959	-0.237886667	-0.008527721	120	-0.001953095	-0.018464923
0.837599959	-0.262886822	-0.003174014	120	-0.001953095	-0.018519759
0.838799958	-0.268612534	-0.006110176	120	-0.001953095	-0.01857698
0.839999958	-0.278297484	-0.007979117	120	-0.001953095	-0.018665195
0.841199958	-0.269754171	-0.009838369	120	-0.001953095	-0.018774867
0.842399958	-0.267570317	-0.009993147	120	-0.001953095	-0.018899441
0.843599958	-0.293181926	-0.011983939	120	-0.001953095	-0.019028783
0.844799958	-0.294733644	-0.013540086	120	-0.001953095	-0.019184947
0.845999958	-0.243644521	-0.010868222	120	-0.000976622	-0.018370599
0.847199958	-0.257541239	-0.002358424	120	-0.000976622	-0.018434972
0.848399958	-0.294175327	-0.0014804	120	-0.000976622	-0.0184457
0.849599958	-0.270021975	-0.004495808	120	-0.000976622	-0.018489808
0.850799958	-0.265404493	-0.004046994	120	-0.000976622	-0.018538684
0.851999958	-0.289066344	-0.003774555	120	-0.000976622	-0.018583983
0.853199958	-0.291733205	-0.004559594	120	-0.000976622	-0.018632859
0.854399958	-0.302741915	-0.005563718	120	-0.000976622	-0.018692464
0.855599958	-0.305008739	-0.005674869	120	-0.000976622	-0.018762797
0.856799958	-0.290941089	-0.004961815	120	-0.000976622	-0.018828362
0.857999958	-1.096232057	-0.047460891	119.9993324	-0.00162693	-0.019024462
0.859199957	-2.552067041	-0.320541441	119.9957657	-0.003240142	-0.019168854
0.860399957	-3.873227358	-0.861895084	119.9868011	-0.006355323	-0.020611584
0.861599957	-5.059529305	-1.657207251	119.9699211	-0.008582115	-0.021540821
0.862799957	-6.100142002	-2.691099167	119.9426651	-0.010459584	-0.022984147
0.863999957	-6.9054389	-3.91755867	119.9024963	-0.010573992	-0.023593158
0.865199957	-7.703917503	-5.300697803	119.8469734	-0.009464257	-0.023426712
0.866399957	-8.689901352	-6.871233463	119.7735786	-0.008646213	-0.023525357
0.867599957	-9.604012489	-8.651504517	119.6798515	-0.0105657	-0.026396215
0.868799957	-8.924901009	-10.53692818	119.5649147	-0.008322962	-0.026282966
0.869999957	-6.927446842	-12.15617371	119.4306374	-0.004902505	-0.02692461
0.871199957	-5.545930862	-13.38082981	119.2795181	0.000234658	-0.025578216
0.872399957	-4.689678192	-14.35724831	119.1140556	-0.000184563	-0.02821058
0.873599957	-4.13405323	-15.185215	118.9367485	-0.000738292	-0.029684976
0.874799957	-3.265439749	-15.86795902	118.7500763	0.00204239	-0.027493536
0.875999957	-2.255257607	-16.33452988	118.5565376	0.002837279	-0.027124807
0.877199957	-1.343613863	-16.58406448	118.3586121	0.003162101	-0.026899371
0.878399957	-0.474337727	-16.64786911	118.1588173	0.000615632	-0.029336726
0.879599956	-0.429645926	-16.59054947	117.9588127	-0.000165603	-0.029543787
0.880799956	-0.596902609	-16.58061409	117.7588081	0.001006043	-0.027302653
0.881999956	-0.694958627	-16.58788872	117.5588036	0.001201364	-0.026112944
0.883199956	-0.690993726	-16.59733963	117.3588181	0.000420362	-0.026012808
0.884399956	-0.72335434	-16.59640503	117.1588135	-0.001337561	-0.026939064
0.885599956	-0.872965157	-16.6068821	116.9588089	-0.003095483	-0.027902573
0.886799956	-0.913908184	-16.63319969	116.7588043	-0.001923242	-0.026186854
0.887999956	-0.814293325	-16.64468193	116.5588188	-0.00172792	-0.025745183
0.889199956	-0.82155931	-16.6580925	116.3588142	-0.002509519	-0.026315302
0.890399956	-0.759464622	-16.68216133	116.1588097	-0.004267441	-0.028129667
0.891599956	-0.713683784	-16.71686935	115.9588051	-0.003095199	-0.027403086
0.892799956	-0.541517138	-16.71903992	115.7588005	-0.000946634	-0.025924593
0.893999956	-0.575407982	-16.6937027	115.558815	-0.000751312	-0.026182085
0.895199956	-0.586722016	-16.66159821	115.3588104	-0.00055599	-0.026071221
0.896399956	-0.700110853	-16.64785767	115.1588058	-0.002313913	-0.027694851
0.897599956	-0.822823048	-16.64909172	114.9588013	-0.003095511	-0.028235465
0.898799955	-0.787313581	-16.66967773	114.7588158	-0.000946946	-0.026005954
0.899999955	-0.693296194	-16.68555069	114.5588112	-0.000751624	-0.02595976
0.901199955	-0.55934304	-16.69972229	114.3588066	0.000420618	-0.025163144
0.902399955	-0.467636853	-16.68625069	114.158802	-0.001337305	-0.0272654
0.903599955	-0.653394639	-16.66683006	113.9588165	-0.001141983	-0.02709493
0.904799955	-0.678328395	-16.6608429	113.758812	2.96626E-05	-0.025897771
0.905999955	-0.772608161	-16.65724754	113.5588074	0.001201904	-0.024624914
0.907199955	-0.718252301	-16.64320374	113.3588028	0.000420306	-0.025262684
0.908399955	-0.731003642	-16.63648224	113.1588173	-0.001337617	-0.026691705
0.909599955	-0.843628407	-16.65703011	112.9588127	-0.002118619	-0.027185231
0.910799955	-0.767812252	-16.70106125	112.7588081	2.99467E-05	-0.02519533
0.911999955	-0.55889225	-16.70789337	112.5588036	0.00120189	-0.024556369
0.913199955	-0.493260026	-16.68240738	112.3588181	0.001397212	-0.024744123
0.914399955	-0.535512388	-16.65920258	112.1588135	-0.000360711	-0.026529282
0.915599955	-0.729685068	-16.65972137	111.9588089	-0.001142011	-0.027185827
0.916799955	-0.59732765	-16.6636467	111.7588043	0.001006555	-0.024994761
0.917999955	-0.648240209	-16.64775276	111.5588188	0.001201876	-0.024660975
0.919199954	-0.725425839	-16.64083672	111.3588142	0.001397198	-0.024117976
0.920399954	-0.675986469	-16.65181732	111.1588097	-0.001337347	-0.026598424
0.921599954	-0.688073933	-16.68817139	110.9588051	-0.001142025	-0.026492923
0.922799954	-0.539597929	-16.69122505	110.7588005	0.001006541	-0.024716109
0.923999954	-0.522202134	-16.66914177	110.558815	0.001201862	-0.024715513
0.925199954	-0.560741901	-16.64239883	110.3588104	0.001397184	-0.024350137
0.926399954	-0.730432928	-16.62426758	110.1588058	-0.000360589	-0.025671422
0.927599954	-0.826108754	-16.63267326	109.9588013	-0.00114189	-0.025940537
0.928799954	-0.844327807	-16.636343	109.7588158	3.00538E-05	-0.024360716
0.929999954	-0.778433502	-16.66170502	109.5588112	0.000225375	-0.023979843
0.931199954	-0.680302203	-16.68921661	109.3588066	0.000420697	-0.023953617
0.932399954	-0.479778498	-16.6892128	109.158802	-0.001337077	-0.026088506
0.933599954	-0.600618303	-16.67958069	108.9588165	-0.001141755	-0.02611652
0.934799954	-0.640771925	-16.67395401	108.758812	0.001006662	-0.024094284
0.935999954	-0.63671422	-16.65726471	108.5588074	0.001202021	-0.023890398
0.937199954	-0.629245698	-16.64247894	108.3588028	0.001397324	-0.023459475
0.938399954	-0.709328115	-16.62650299	108.1588173	-0.001337035	-0.025790129
0.939599953	-0.880007029	-16.65162468	107.9588127	-0.001142067	-0.025221854
0.940799953	-0.684166849	-16.69334412	107.7588081	0.001006499	-0.023174435
0.941999953	-0.624017775	-16.69982529	107.5588036	0.001201821	-0.023346692
0.943199953	-0.485223264	-16.66773987	107.3588181	0.001397142	-0.023372322
0.944399953	-0.645295858	-16.63852882	107.1588135	-0.00036078	-0.024915785
0.945599953	-0.809385359	-16.64098167	106.9588089	-0.001141783	-0.025300235
0.946799953	-0.846107662	-16.6584816	106.7588043	2.98629E-05	-0.02391085
0.947999953	-0.778644383	-16.65073395	106.5588188	0.000225184	-0.023592561
0.949199953	-0.790434837	-16.65049744	106.3588142	-0.000555818	-0.024166852
0.950399953	-0.774034441	-16.67938995	106.1588097	-0.002313741	-0.025916845
0.951599953	-0.699569762	-16.7203846	105.9588051	-0.002118419	-0.026167482
0.952799953	-0.542222321	-16.71328163	105.7588005	0.001006471	-0.023678988
0.953999953	-0.389363855	-16.68448639	105.558815	0.001201793	-0.023858994
0.955199953	-0.608879328	-16.6566391	105.3588104	0.001397114	-0.023619086
0.956399953	-0.658567846	-16.63852692	105.1588058	-0.001337132	-0.026119202
0.957599953	-0.831775367	-16.64196014	104.9588013	-0.001141811	-0.025558919
0.958799953	-0.783546329	-16.65698051	104.7588158	3.0431E-05	-0.024215728
0.959999952	-0.740772605	-16.67690468	104.5588112	0.000225753	-0.024062544
0.961199952	-0.604352951	-16.69560051	104.3588066	0.000421074	-0.02416864
0.962399952	-0.540920019	-16.67839432	104.158802	-0.001336848	-0.026181191
0.963599952	-0.735610187	-16.66917801	103.9588165	-0.001141527	-0.026015192
0.964799952	-0.643227875	-16.66886711	103.758812	0.001007039	-0.023925155
0.965999952	-0.711007953	-16.65939331	103.5588074	0.001202361	-0.023688525
0.967199952	-0.705459416	-16.64321709	103.3588028	0.000420762	-0.024259835
0.968399952	-0.79738766	-16.63625717	103.1588173	-0.002313484	-0.026641339
0.969599952	-0.896991134	-16.67376709	102.9588127	-0.002118163	-0.026292056
0.970799952	-0.69207859	-16.72255325	102.7588081	3.0403E-05	-0.024589449
0.971999952	-0.485744685	-16.72117233	102.5588036	0.001202347	-0.024147183
0.973199952	-0.434821427	-16.67287827	102.3588181	0.001397668	-0.024275035
0.974399952	-0.626001298	-16.64324188	102.1588135	-0.000360254	-0.025865883
0.975599952	-0.717447042	-16.64110565	101.9588089	-0.000164933	-0.025361031
0.976799952	-0.723363578	-16.64407158	101.7588043	0.001007011	-0.023926646
0.977999952	-0.755003989	-16.63730621	101.5588188	0.001202333	-0.023396164
0.979199952	-0.784369171	-16.64484215	101.3588142	0.001397654	-0.022853762
0.980399951	-0.700386643	-16.66418076	101.1588097	-0.00133689	-0.025430173
0.981599951	-0.712759554	-16.69706345	100.9588051	-0.001141569	-0.025451034
0.982799951	-0.502305031	-16.6981163	100.7588005	0.001006997	-0.023715943
0.983999951	-0.517444551	-16.66759491	100.558815	0.002178941	-0.022730976
0.985199951	-0.576670945	-16.63869476	100.3588104	0.00139764	-0.023301095
0.986399951	-0.757013023	-16.62360573	100.1588058	-0.000360133	-0.024609268
0.987599951	-0.824735582	-16.63029099	99.95880127	-0.001141434	-0.024895668
0.988799951	-0.87724191	-16.6427002	99.75881577	0.001007132	-0.022329688
0.989999951	-0.756508708	-16.66261101	99.55881119	0.001202454	-0.022012591
0.991199951	-0.644080043	-16.6863327	99.35880661	0.000421153	-0.022931993
0.992399951	-0.529744446	-16.68663979	99.15880203	-0.00133662	-0.024960786
0.993599951	-0.491083175	-16.6843853	98.95881653	-0.001141299	-0.024956018
0.994799951	-0.596817672	-16.66848373	98.75881195	0.001007118	-0.022917092
0.995999951	-0.686487734	-16.6521759	98.55880737	0.001202477	-0.022627972
0.997199951	-0.689691544	-16.63858414	98.3588028	0.00139778	-0.022141617
0.998399951	-0.744730592	-16.62484741	98.15881729	-0.001336578	-0.024432335
0.999599951	-0.888115823	-16.65027428	97.95881271	-0.001141611	-0.023825914
1.00079995	-0.693449914	-16.6968174	97.75880814	3.06312E-05	-0.022803694
1.00199995	-0.559263706	-16.70523834	97.55880356	0.001202277	-0.022115856
1.00319995	-0.531900942	-16.67864609	97.35881805	0.001397599	-0.022215098
1.00439995	-0.623551607	-16.65610504	97.15881348	-0.000360324	-0.023909658
1.00559995	-0.776238561	-16.64510345	96.9588089	-0.001141327	-0.024407655
1.00679995	-0.78803426	-16.64962769	96.75880432	0.001007239	-0.022040457
1.00799995	-0.773059487	-16.64060593	96.55881882	0.000225641	-0.022573918
1.00919995	-0.827539563	-16.6463623	96.35881424	0.000420962	-0.022082776
1.01039995	-0.684883535	-16.67352295	96.15880966	-0.002313284	-0.024759024
1.01159995	-0.735900581	-16.70885849	95.95880508	-0.001141042	-0.023926347
1.01279995	-0.491820812	-16.71060944	95.75881958	0.001006927	-0.022365004
1.01399995	-0.461545944	-16.67963409	95.558815	0.002179169	-0.021479279
1.01519995	-0.569418371	-16.65746689	95.35881042	0.002374491	-0.021249205
1.01639995	-0.664102912	-16.62675476	95.15880585	-0.000359756	-0.023687631
1.01759995	-0.802013457	-16.63348389	94.95880127	-0.001141354	-0.024024695
1.01879995	-0.800276935	-16.65418243	94.75881577	3.08873E-05	-0.022567362
1.019999949	-0.739249587	-16.67519951	94.55881119	0.001202533	-0.021371394
1.021199949	-0.591134846	-16.69535446	94.35880661	0.000421531	-0.022410005
1.022399949	-0.542575657	-16.6810894	94.15880203	-0.001336392	-0.02445206
1.023599949	-0.683236659	-16.6849823	93.95881653	-0.00114107	-0.02439335
1.024799949	-0.644591272	-16.67620468	93.75881195	0.001007495	-0.022403747
1.025999949	-0.664317369	-16.66350555	93.55880737	0.001202817	-0.022246391
1.027199949	-0.692585409	-16.63994598	93.3588028	0.000421219	-0.022841245
1.028399949	-0.742766321	-16.62963676	93.15881729	-0.001336704	-0.024221689
1.029599949	-0.856656253	-16.65594482	92.95881271	-0.001141084	-0.02368018
1.030799949	-0.783074498	-16.69588089	92.75880814	3.08594E-05	-0.022649616
1.031999949	-0.573413849	-16.70703506	92.55880356	0.001202803	-0.021941215
1.033199949	-0.466405034	-16.67738342	92.35881805	0.001398125	-0.022075027
1.034399949	-0.577678263	-16.65275192	92.15881348	-0.00133642	-0.024753958
1.035599949	-0.741898358	-16.65756035	91.9588089	-0.001141098	-0.024365932
1.036799949	-0.645420849	-16.66720009	91.75880432	0.001007468	-0.022188574
1.037999949	-0.635001898	-16.65034485	91.55881882	0.001202789	-0.021913201
1.039199949	-0.734397888	-16.64138031	91.35881424	0.000421489	-0.022387952
1.040399948	-0.77393502	-16.66121101	91.15880966	-0.001336434	-0.023943633
1.041599948	-0.689952612	-16.69122314	90.95880508	-0.001141112	-0.023926944
1.042799948	-0.573183596	-16.6975708	90.75881958	3.08314E-05	-0.023175031
1.043999948	-0.605176806	-16.67333603	90.558815	0.001202775	-0.022240132
1.045199948	-0.561014831	-16.65128708	90.35881042	0.001398097	-0.022015423
1.046399948	-0.657634974	-16.62771606	90.15880585	-0.001336299	-0.024424791
1.047599948	-0.86851871	-16.63561249	89.95880127	-0.001140977	-0.023779869
1.048799948	-0.859846056	-16.65418816	89.75881577	3.09665E-05	-0.022337735
1.049999948	-0.766331136	-16.67568207	89.55881119	0.000226288	-0.022110045
1.051199948	-0.669492602	-16.6991806	89.35880661	0.00042161	-0.022164881
1.052399948	-0.547691584	-16.69168854	89.15880203	-0.001336164	-0.024292618
1.053599948	-0.652262032	-16.68675995	88.95881653	-0.001140842	-0.024366528
1.054799948	-0.612625062	-16.67722702	88.75881195	3.1027E-05	-0.023391172
1.055999948	-0.70418781	-16.67030716	88.55880737	0.001202933	-0.02229061
1.057199948	-0.622145712	-16.64874077	88.3588028	0.000421689	-0.022962
1.058399948	-0.736439109	-16.63564682	88.15881729	-0.001336122	-0.024409685
1.059599948	-0.84336555	-16.66324234	87.95881271	-0.002117478	-0.024990588
1.060799947	-0.664405942	-16.70040894	87.75880814	3.10875E-05	-0.02308622
1.061999947	-0.55850625	-16.69641876	87.55880356	0.001202733	-0.022306591
1.063199947	-0.493596196	-16.67512894	87.35881805	0.001398055	-0.022358149
1.064399947	-0.542396843	-16.65729523	87.15881348	-0.001336192	-0.025069267
1.065599947	-0.792624533	-16.64762497	86.9588089	-0.00114087	-0.024615377
1.066799947	-0.756601751	-16.64615822	86.75880432	3.07756E-05	-0.023207217
1.067999947	-0.812682748	-16.64204788	86.55881882	0.000226097	-0.02275154
1.069199947	-0.755847633	-16.64315414	86.35881424	0.000421419	-0.022324473
1.070399947	-0.768128753	-16.66650391	86.15880966	-0.002312828	-0.0249286
1.071599947	-0.74034375	-16.69669724	85.95880508	-0.001140586	-0.023993701
1.072799947	-0.570563734	-16.69842529	85.75881958	0.001007384	-0.022286326
1.073999947	-0.606042862	-16.67146111	85.558815	0.002179625	-0.021335334
1.075199947	-0.56941247	-16.65151596	85.35881042	0.001398027	-0.022050887
1.076399947	-0.673905671	-16.64085388	85.15880585	-0.0003593	-0.023554116
1.077599947	-0.749623179	-16.64769745	84.95880127	-0.001140898	-0.024055094
1.078799947	-0.812233746	-16.65785408	84.75881577	3.13437E-05	-0.022672862
1.079999947	-0.723906457	-16.68002701	84.55881119	0.001202989	-0.021555573
1.081199946	-0.567547083	-16.69448853	84.35880661	0.000421987	-0.022640079
1.082399946	-0.582639456	-16.68014336	84.15880203	-0.001335936	-0.024646968
1.083599946	-0.688185275	-16.67240143	83.95881653	-0.001140614	-0.024502724
1.084799946	-0.701740444	-16.66666794	83.75881195	0.001007952	-0.022388548
1.085999946	-0.695179701	-16.66164398	83.55880737	0.001203273	-0.02216205
1.087199946	-0.674900353	-16.64165497	83.3588028	0.000421675	-0.022749752
1.088399946	-0.796415269	-16.63044167	83.15881729	-0.001336248	-0.02409324
1.089599946	-0.90497303	-16.65920448	82.95881271	-0.00211725	-0.02455011
1.090799946	-0.752696872	-16.7119751	82.75880814	3.13157E-05	-0.022694916
1.091999946	-0.464174777	-16.72046089	82.55880356	0.001203259	-0.022214204
1.093199946	-0.474132866	-16.68870163	82.35881805	0.001398581	-0.022460073
1.094399946	-0.506736875	-16.65325928	82.15881348	-0.000359342	-0.024257749
1.095599946	-0.768755019	-16.64191055	81.9588089	-0.001140642	-0.024721175
1.096799946	-0.723655343	-16.65981674	81.75880432	0.001007924	-0.022403747
1.097999946	-0.671633661	-16.65287018	81.55881882	0.001203245	-0.022103339
1.099199946	-0.717976689	-16.64134026	81.35881424	0.001398567	-0.021627694
1.100399946	-0.754254818	-16.65323639	81.15880966	-0.001335978	-0.024119467
1.101599945	-0.754487991	-16.68512154	80.95880508	-0.001140656	-0.024017543
1.102799945	-0.573351383	-16.7000351	80.75881958	3.12878E-05	-0.023247749
1.103999945	-0.51647085	-16.67803574	80.558815	0.001203232	-0.022367686
1.105199945	-0.500687957	-16.6459198	80.35881042	0.001398553	-0.022119731
1.106399945	-0.670289934	-16.61987305	80.15880585	-0.001335843	-0.024442077
1.107599945	-0.906180561	-16.62620544	79.95882034	-0.001140521	-0.023636818
1.108799945	-0.89463979	-16.64808273	79.75881577	3.14228E-05	-0.022065341
1.109999945	-0.789979577	-16.67579651	79.55881119	0.001203367	-0.020841956
1.111199945	-0.680013776	-16.69593239	79.35880661	0.000422066	-0.021891296
1.112399945	-0.495539099	-16.69027901	79.15880203	-0.001335707	-0.024026781
1.113599945	-0.623546362	-16.67723083	78.95881653	-0.001140386	-0.023971945
1.114799945	-0.691463292	-16.66796494	78.75881195	0.001008031	-0.021875799
1.115999945	-0.719261885	-16.66194534	78.55880737	0.00120339	-0.021674298
1.117199945	-0.677087009	-16.6438961	78.3588028	0.001398693	-0.021292847
1.118399945	-0.732778728	-16.63780975	78.15881729	-0.001335666	-0.023709927
1.119599945	-0.869983077	-16.66053009	77.95881271	-0.002117022	-0.024231225
1.120799945	-0.737711966	-16.70837021	77.75880814	3.15439E-05	-0.02233997
1.121999944	-0.519601583	-16.71512413	77.55880356	0.00120319	-0.021754056
1.123199944	-0.463393241	-16.68031883	77.35881805	0.001398511	-0.02192691
1.124399944	-0.537215829	-16.65352058	77.15881348	-0.000359411	-0.023626536
1.125599944	-0.852412283	-16.63387489	76.9588089	-0.001140414	-0.024039894
1.126799944	-0.828457057	-16.6511097	76.75880432	3.12319E-05	-0.022606701
1.127999944	-0.818802416	-16.64469528	76.55881882	0.001203474	-0.021211952
1.129199944	-0.801276922	-16.64894295	76.35881424	0.000421875	-0.021759719
1.130399944	-0.790559709	-16.66766167	76.15880966	-0.002312372	-0.024359673
1.131599944	-0.757747233	-16.69741058	75.95880508	-0.00211705	-0.024410039
1.132799944	-0.581741333	-16.70172501	75.75881958	3.1516E-05	-0.022722036
1.133999944	-0.693761587	-16.68652344	75.558815	0.001203162	-0.021879226
1.135199944	-0.53404206	-16.66408348	75.35881042	0.000422159	-0.022788793
1.136399944	-0.709793568	-16.64607811	75.15880585	-0.001335763	-0.024367124
1.137599944	-0.837684751	-16.65494919	74.95882034	-0.002116766	-0.024932176
1.138799944	-0.808248222	-16.67144775	74.75881577	3.18E-05	-0.022742897
1.139999944	-0.757129133	-16.69572258	74.55881119	0.000227122	-0.022754222
1.141199943	-0.539190948	-16.70056534	74.35880661	0.000422443	-0.022986978
1.142399943	-0.499672234	-16.68590927	74.15880203	-0.001335479	-0.025110096
1.143599943	-0.64750886	-16.67564583	73.95881653	-0.001140158	-0.025048107
1.144799943	-0.640301406	-16.66421318	73.75881195	0.001008408	-0.022964627
1.145999943	-0.698579311	-16.64776039	73.55880737	0.002180054	-0.02162233
1.147199943	-0.763326466	-16.62733459	73.3588028	0.000422131	-0.023001581
1.148399943	-0.834428191	-16.628685	73.15881729	-0.001335791	-0.024282187
1.149599943	-0.924611032	-16.66020775	72.95881271	-0.002116794	-0.024770945
1.150799943	-0.747418165	-16.7062645	72.75880814	3.17721E-05	-0.022862703
1.151999943	-0.605129719	-16.71871376	72.55880356	0.001203716	-0.02230987
1.153199943	-0.450376123	-16.69103432	72.35881805	0.001399037	-0.022615641
1.154399943	-0.542436361	-16.6557579	72.15881348	-0.000358885	-0.024411529
1.155599943	-0.767316163	-16.64813995	71.9588089	-0.001140186	-0.024922639
1.156799943	-0.732426405	-16.66216278	71.75880432	0.00100838	-0.022654682
1.157999943	-0.655539036	-16.65687561	71.55881882	0.001203702	-0.022430569
1.159199943	-0.706274509	-16.648283	71.35881424	0.000422401	-0.02303347
1.160399943	-0.77960825	-16.66761589	71.15880966	-0.001335521	-0.024661869
1.161599942	-0.711667895	-16.69190979	70.95880508	-0.0011402	-0.024641603
1.162799942	-0.52269572	-16.69627762	70.75881958	0.001008366	-0.022861809
1.163999942	-0.600517154	-16.66912079	70.558815	0.00218031	-0.021883398
1.165199942	-0.583002567	-16.63715744	70.35881042	0.001399009	-0.022485703
1.166399942	-0.755527616	-16.614048	70.15880585	-0.000358764	-0.023721159
1.167599942	-0.911109865	-16.61686516	69.95882034	-0.001140065	-0.023845434
1.168799942	-0.904158235	-16.64115524	69.75881577	3.18792E-05	-0.022239387
1.169999942	-0.811565399	-16.67457199	69.55881119	0.001203823	-0.021002889
1.171199942	-0.611775935	-16.6989193	69.35880661	0.000422522	-0.022062361
1.172399942	-0.511116743	-16.69250298	69.15880203	-0.001335251	-0.024163872
1.173599942	-0.586052954	-16.67437363	68.95881653	-0.00113993	-0.024124533
1.174799942	-0.670828998	-16.67198181	68.75881195	0.001008487	-0.022045076
1.175999942	-0.71001941	-16.66440201	68.55880737	0.001203846	-0.021872185
1.177199942	-0.630714595	-16.64909363	68.3588028	0.001399149	-0.021575373
1.178399942	-0.686276078	-16.63209724	68.15881729	-0.001335209	-0.023989473
1.179599942	-0.847167134	-16.65052414	67.95881271	-0.001140242	-0.023433715
1.180799942	-0.741121531	-16.69608688	67.75880814	0.001008324	-0.021386296
1.181999941	-0.585925817	-16.69648743	67.55880356	0.001203646	-0.021585375
1.183199941	-0.522977829	-16.67183685	67.35881805	0.001398968	-0.021590441
1.184399941	-0.624785781	-16.63808823	67.15881348	-0.001335279	-0.024150163
1.185599941	-0.883776844	-16.65076447	66.9588089	-0.001139957	-0.023656338
1.186799941	-0.743069351	-16.66109657	66.75880432	3.16883E-05	-0.022430271
1.187999941	-0.746313155	-16.64379883	66.55881882	0.00120393	-0.021111816
1.189199941	-0.787981331	-16.63799286	66.35881424	0.000422332	-0.021545738
1.190399941	-0.806358218	-16.66482544	66.15880966	-0.002311915	-0.024096817
1.191599941	-0.810113192	-16.70998192	65.95880508	-0.002116594	-0.024171919
1.192799941	-0.556765795	-16.71952057	65.75881958	0.001008296	-0.02170518
1.193999941	-0.505622387	-16.68839264	65.558815	0.002180538	-0.020991117
1.195199941	-0.53118968	-16.64506721	65.35881042	0.00139894	-0.02177462
1.196399941	-0.723668694	-16.63499832	65.15880585	-0.001335307	-0.024182945
1.197599941	-0.847924769	-16.64805794	64.95882034	-0.001139985	-0.023659021
1.198799941	-0.797620654	-16.66043663	64.75881577	3.22564E-05	-0.02234444
1.199999941	-0.743224084	-16.67505646	64.55881119	0.001203902	-0.021151751
1.201199941	-0.6426723	-16.69058418	64.35880661	0.001399224	-0.021163374
1.20239994	-0.529785335	-16.68541718	64.15882111	-0.001335023	-0.024161488
1.20359994	-0.660128295	-16.67887115	63.95881653	-0.000163377	-0.023111552
1.20479994	-0.564381897	-16.676754	63.75881195	0.001008864	-0.022119135
1.20599994	-0.702066243	-16.65332413	63.55880737	0.00218051	-0.020897239
1.20719994	-0.690270662	-16.63313293	63.3588028	0.001399508	-0.021391958
1.20839994	-0.760368109	-16.62620926	63.15881729	-0.001335335	-0.023622364
1.20959994	-0.922475576	-16.65697098	62.95881271	-0.002116337	-0.024038404
1.21079994	-0.806281388	-16.71511078	62.75880814	3.22284E-05	-0.02216205
1.21199994	-0.53036797	-16.72636414	62.55880356	0.001204172	-0.021717995
1.21319994	-0.43416658	-16.67893791	62.35881805	0.001399494	-0.021947473
1.21439994	-0.551570058	-16.63920975	62.15881348	-0.000358429	-0.02355203
1.21559994	-0.784830451	-16.63685226	61.9588089	-0.001139729	-0.023920089
1.21679994	-0.791261077	-16.65852356	61.75880432	0.001008837	-0.021578223
1.21799994	-0.692703247	-16.65336609	61.55881882	0.001204158	-0.021296889
1.21919994	-0.721956432	-16.64341164	61.35881424	0.000422858	-0.021846741
1.22039994	-0.770599425	-16.6557827	61.15880966	-0.001335065	-0.023364872
1.22159994	-0.738842905	-16.68767357	60.95880508	-0.001139743	-0.023276061
1.222799939	-0.606872022	-16.69456482	60.75881958	0.001008823	-0.021478981
1.223999939	-0.584350407	-16.67211151	60.558815	0.001204144	-0.021486729
1.225199939	-0.633355319	-16.6437149	60.35881042	0.001399466	-0.021123737
1.226399939	-0.727509677	-16.63473129	60.15880585	-0.000358308	-0.022535026
1.227599939	-0.860688865	-16.63657379	59.95882034	-0.002116081	-0.023881942
1.228799939	-0.867008388	-16.65071678	59.75881577	3.23355E-05	-0.021440685
1.229999939	-0.758818626	-16.67400932	59.55881119	0.000227657	-0.021206439
1.231199939	-0.704790771	-16.69147301	59.35880661	0.000422979	-0.021242797
1.232399939	-0.566539526	-16.68970871	59.15882111	-0.001334795	-0.023352057
1.233599939	-0.618503153	-16.68807983	58.95881653	-0.001139473	-0.023400933
1.234799939	-0.669629157	-16.68090248	58.75881195	0.001008944	-0.021454394
1.235999939	-0.665566504	-16.66498566	58.55880737	0.001204303	-0.021343492
1.237199939	-0.684190929	-16.64003372	58.3588028	0.001399606	-0.020925086
1.238399939	-0.775084317	-16.62719727	58.15881729	-0.001334753	-0.02323309
1.239599939	-0.906745017	-16.65834236	57.95881271	-0.002116109	-0.023707896
1.240799939	-0.70656693	-16.70526505	57.75880814	3.24566E-05	-0.021829754
1.241999939	-0.591729939	-16.70572472	57.55880356	0.001204102	-0.021170527
1.243199938	-0.473281085	-16.67957306	57.35881805	0.001399424	-0.021290034
1.244399938	-0.611009955	-16.650177	57.15881348	-0.000358499	-0.022974163
1.245599938	-0.744934678	-16.64027596	56.9588089	-0.001139501	-0.023455769
1.246799938	-0.829412341	-16.64690781	56.75880432	3.21446E-05	-0.021995753
1.247999938	-0.824267209	-16.64952278	56.55881882	0.001204386	-0.020629019
1.249199938	-0.792582154	-16.65486526	56.35881424	0.000422788	-0.021214336
1.250399938	-0.759005547	-16.66701126	56.15880966	-0.001334539	-0.022902936
1.251599938	-0.717068672	-16.70325851	55.95880508	-0.002116137	-0.023946017
1.252799938	-0.596042454	-16.70796585	55.75881958	3.24287E-05	-0.022308081
1.253999938	-0.586399794	-16.69300652	55.558815	0.001204074	-0.021565109
1.255199938	-0.47676447	-16.6547699	55.35881042	0.001399396	-0.021459013
1.256399938	-0.661861122	-16.62820816	55.15880585	-0.001334851	-0.023853928
1.257599938	-0.862154901	-16.63054276	54.95882034	-0.001139529	-0.023131222
1.258799938	-0.895719945	-16.65746689	54.75881577	3.27127E-05	-0.021675676
1.259999938	-0.825791955	-16.68778229	54.55881119	0.001204358	-0.020582229
1.261199938	-0.562374532	-16.69607162	54.35880661	0.000423356	-0.021764487
1.262399937	-0.549360693	-16.68492317	54.15882111	-0.001334567	-0.023807734
1.263599937	-0.6616503	-16.67055511	53.95881653	-0.001139245	-0.02367571
1.264799937	-0.674086213	-16.67073441	53.75881195	0.001009321	-0.021601468
1.265999937	-0.670578241	-16.65897369	53.55880737	0.001204642	-0.021430403
1.267199937	-0.717049658	-16.64293671	53.3588028	0.000423044	-0.021987408
1.268399937	-0.792879999	-16.62987518	53.15881729	-0.002311203	-0.024303049
1.269599937	-0.926139772	-16.6663208	52.95881271	-0.002115881	-0.023837537
1.270799937	-0.681388736	-16.71874619	52.75880814	3.26848E-05	-0.022056848
1.271999937	-0.507846713	-16.72052002	52.55880356	0.001204628	-0.021576732
1.273199937	-0.42070052	-16.68935966	52.35881805	0.002376274	-0.020835251
1.274399937	-0.600015819	-16.64688683	52.15881348	-0.000357972	-0.023524016
1.275599937	-0.775719047	-16.64478302	51.9588089	-0.000162651	-0.023023933
1.276799937	-0.714029133	-16.65065765	51.75880432	0.001009293	-0.021640211
1.277999937	-0.736310899	-16.6388092	51.55881882	0.001204615	-0.021186024
1.279199937	-0.743960679	-16.63774872	51.35881424	0.000423314	-0.021613091
1.280399937	-0.769854128	-16.65618324	51.15880966	-0.001334609	-0.023125857
1.281599937	-0.698389351	-16.694664	50.95880508	-0.001139287	-0.023069829
1.282799936	-0.57450062	-16.68946457	50.75881958	3.26568E-05	-0.022264272
1.283999936	-0.633544445	-16.66409302	50.558815	0.001204601	-0.021188706
1.285199936	-0.670691252	-16.64039421	50.35881042	0.000423449	-0.021762848
1.286399936	-0.8065418	-16.63883209	50.15880585	-0.001334473	-0.023187995
1.287599936	-0.889885545	-16.64888	49.95882034	-0.002115625	-0.023685843
1.288799936	-0.849137366	-16.66629791	49.75881577	3.27919E-05	-0.021435916
1.289999936	-0.801104784	-16.67944908	49.55881119	0.000228113	-0.021315515
1.291199936	-0.684233487	-16.70054626	49.35880661	0.000423435	-0.021451414
1.292399936	-0.490621626	-16.689888	49.15882111	-0.001334338	-0.023611933
1.293599936	-0.601929665	-16.67258263	48.95881653	-0.001139017	-0.023533255
1.294799936	-0.704649746	-16.67482567	48.75881195	0.0010094	-0.021463931
1.295999936	-0.723095	-16.66112137	48.55880737	0.001204759	-0.021297596
1.297199936	-0.721470594	-16.64448738	48.35882187	0.000423514	-0.021886732
1.298399936	-0.758956015	-16.63120079	48.15881729	-0.001334297	-0.023298655
1.299599936	-0.885681629	-16.65731049	47.95881271	-0.001139329	-0.022800714
1.300799936	-0.747875273	-16.69765472	47.75880814	3.29129E-05	-0.021785647
1.301999936	-0.650478363	-16.70430756	47.55880356	0.001204559	-0.021065623
1.303199935	-0.553303957	-16.68693161	47.35881805	0.00139988	-0.021214634
1.304399935	-0.611706436	-16.66526031	47.15881348	-0.001334366	-0.024047643
1.305599935	-0.782363832	-16.65494537	46.9588089	-0.001139045	-0.023695976
1.306799935	-0.786143064	-16.66400146	46.75880432	3.26009E-05	-0.022466332
1.307999935	-0.805765092	-16.6484108	46.55881882	0.000227923	-0.022149831
1.309199935	-0.838998497	-16.64748383	46.35881424	0.000423244	-0.021688193
1.310399935	-0.792797506	-16.66744804	46.15880966	-0.001334082	-0.023302287
1.311599935	-0.717608452	-16.69039345	45.95880508	-0.001138761	-0.023299605
1.312799935	-0.654519737	-16.68951035	45.75881958	0.001009209	-0.021459013
1.313999935	-0.637535095	-16.6804409	45.558815	0.001204531	-0.021507889
1.315199935	-0.591994047	-16.65115929	45.35881042	0.001399852	-0.021274239
1.316399935	-0.765479803	-16.63797379	45.15880585	-0.000357474	-0.022729784
1.317599935	-0.858930528	-16.64649582	44.95882034	-0.001139073	-0.023203641
1.318799935	-0.842977405	-16.6583519	44.75881577	3.31691E-05	-0.021849722
1.319999935	-0.784762263	-16.68305969	44.55881119	0.001204815	-0.020727664
1.321199935	-0.557358027	-16.69537354	44.35880661	0.001400136	-0.020858794
1.322399935	-0.552136123	-16.67059326	44.15882111	-0.000357786	-0.022812039
1.323599934	-0.71360302	-16.66602707	43.95881653	-0.001138789	-0.023553818
1.324799934	-0.614757478	-16.66441536	43.75881195	0.001009777	-0.021419078
1.325999934	-0.749406874	-16.66344452	43.55880737	0.001205099	-0.021169633
1.327199934	-0.703336895	-16.64919281	43.35882187	0.002376745	-0.019872934
1.328399934	-0.676640868	-16.62673378	43.15881729	-0.001334422	-0.023242682
1.329599934	-0.897845387	-16.64253044	42.95881271	-0.001138803	-0.022581071
1.330799934	-0.831623316	-16.69058228	42.75880814	3.31411E-05	-0.021466166
1.331999934	-0.568513393	-16.70687485	42.55880356	0.002181409	-0.019774884
1.333199934	-0.511995792	-16.67608452	42.35881805	0.002376731	-0.019876808
1.334399934	-0.622359455	-16.64444733	42.15881348	-0.000357516	-0.022468418
1.335599934	-0.765434444	-16.64633942	41.9588089	-0.000162194	-0.021970719
1.336799934	-0.720190465	-16.65176773	41.75880432	0.001009749	-0.02059713
1.337999934	-0.737897933	-16.64260483	41.55881882	0.002181693	-0.01916334
1.339199934	-0.800033569	-16.6434021	41.35881424	0.00042377	-0.020616502
1.340399934	-0.687763333	-16.66742706	41.15880966	-0.001334152	-0.022228807
1.341599934	-0.71526897	-16.70141602	40.95880508	-0.001138831	-0.022246689
1.342799934	-0.535494208	-16.69984436	40.75881958	0.001009735	-0.020564646
1.343999933	-0.561089635	-16.66436005	40.558815	0.002181679	-0.019539744
1.345199933	-0.646983206	-16.634161	40.35881042	0.001400379	-0.020067543
1.346399933	-0.771475911	-16.62671089	40.15880585	-0.000357395	-0.021389425
1.347599933	-0.857960105	-16.63226318	39.95882034	-0.001138696	-0.021705627
1.348799933	-0.913661182	-16.64554214	39.75881577	3.32482E-05	-0.020166934
1.349999933	-0.867596388	-16.66726875	39.55881119	0.001205192	-0.018907785
1.351199933	-0.67573899	-16.68998718	39.35880661	0.000423891	-0.019901097
1.352399933	-0.607128739	-16.68844604	39.15882111	-0.001333882	-0.021926314
1.353599933	-0.590102792	-16.68164825	38.95881653	-0.00113856	-0.02190426
1.354799933	-0.659173846	-16.67674065	38.75881195	0.001009856	-0.019893348
1.355999933	-0.756885886	-16.66120529	38.55880737	0.001205215	-0.019726418
1.357199933	-0.685277581	-16.64932251	38.35882187	0.000423971	-0.02039304
1.358399933	-0.786363721	-16.63460922	38.15881729	-0.00133384	-0.021819267
1.359599933	-0.89815253	-16.66885376	37.95881271	-0.002115197	-0.022415668
1.360799933	-0.693300366	-16.71693039	37.75880814	3.33693E-05	-0.020670444
1.361999933	-0.521777451	-16.71316147	37.55880356	0.001205015	-0.020128638
1.363199933	-0.418785304	-16.67395973	37.35881805	0.001400337	-0.020245165
1.364399932	-0.598623335	-16.6427803	37.15881348	-0.000357586	-0.021844059
1.365599932	-0.842373908	-16.63969421	36.9588089	-0.001138588	-0.022249967
1.366799932	-0.763896644	-16.65161133	36.75880432	0.001009977	-0.019884557
1.367999932	-0.765768826	-16.6313076	36.55881882	0.001205299	-0.019385666
1.369199932	-0.854842484	-16.62986946	36.35881424	0.000423701	-0.01967445
1.370399932	-0.786397159	-16.66681671	36.15880966	-0.002310546	-0.022209138
1.371599932	-0.736828506	-16.70654297	35.95880508	-0.001138304	-0.021352023
1.372799932	-0.512536705	-16.70692825	35.75881958	0.001009665	-0.019759089
1.373999932	-0.613761246	-16.67285538	35.558815	0.002181907	-0.018832833
1.375199932	-0.566454709	-16.63499069	35.35881042	0.001400309	-0.019428581
1.376399932	-0.796070099	-16.6349411	35.15880585	-0.001333938	-0.021734685
1.377599932	-0.854673266	-16.65897942	34.95882034	-0.001138616	-0.021334141
1.378799932	-0.76895684	-16.67458725	34.75881577	3.36254E-05	-0.020176917
1.379999932	-0.702332914	-16.68497849	34.55881119	0.001205271	-0.019166321
1.381199932	-0.544402301	-16.69674683	34.35880661	0.000424269	-0.020300299
1.382399932	-0.513906956	-16.68035507	34.15882111	-0.001333654	-0.022308677
1.383599931	-0.746543765	-16.67128372	33.95881653	-0.001138332	-0.022141486
1.384799931	-0.664195478	-16.66640854	33.75881195	0.001010234	-0.020021051
1.385999931	-0.744899452	-16.65509224	33.55880737	0.002181879	-0.018738061
1.387199931	-0.72829932	-16.63230896	33.35882187	0.001400877	-0.019231588
1.388399931	-0.796080291	-16.62122154	33.15881729	-0.001333966	-0.021474808
1.389599931	-0.923006117	-16.65453339	32.95881271	-0.002114968	-0.021881014
1.390799931	-0.703761876	-16.70740128	32.75880814	3.35975E-05	-0.019946843
1.391999931	-0.54371345	-16.71702385	32.55882263	0.001205541	-0.019392818
1.393199931	-0.408712268	-16.68684959	32.35881805	0.001400863	-0.019649118
1.394399931	-0.601183414	-16.65236282	32.15881348	-0.00035706	-0.021380037
1.395599931	-0.760478079	-16.65225601	31.9588089	-0.00113836	-0.021937042
1.396799931	-0.697710633	-16.66770744	31.75880432	0.001010206	-0.019711405
1.397999931	-0.650803745	-16.65275192	31.55881882	0.001205527	-0.019481331
1.399199931	-0.727439284	-16.64037323	31.35881424	0.001400849	-0.019014031
1.400399931	-0.712790489	-16.65468597	31.15880966	-0.001333696	-0.02149567
1.401599931	-0.729471087	-16.68622589	30.95880508	-0.001138374	-0.021409839
1.402799931	-0.552636981	-16.69260788	30.75881958	0.001010192	-0.019631237
1.40399993	-0.62764442	-16.6625061	30.558815	0.002182135	-0.018587261
1.40519993	-0.611614823	-16.63497734	30.35881042	0.001400835	-0.019094199
1.40639993	-0.842194557	-16.62099266	30.15880585	-0.000356939	-0.020307004
1.40759993	-0.873260677	-16.63806152	29.95882034	-0.001138239	-0.020651817
1.40879993	-0.884724379	-16.64849854	29.75881577	3.37046E-05	-0.019204319
1.40999993	-0.786415398	-16.67161942	29.55881119	0.001205648	-0.018003583
1.41119993	-0.660167396	-16.69084167	29.35880661	0.000424348	-0.018978417
1.41239993	-0.610497713	-16.68460274	29.15882111	-0.001333426	-0.02103284
1.41359993	-0.655949533	-16.68782806	28.95881653	-0.001138104	-0.021042973
1.41479993	-0.660625577	-16.68280983	28.75881195	3.37651E-05	-0.020086691
1.41599993	-0.730390131	-16.67505646	28.55880737	0.001205672	-0.019048713
1.41719993	-0.657091379	-16.65708542	28.35882187	0.000424427	-0.019831564
1.41839993	-0.713639081	-16.63965416	28.15881729	-0.001333384	-0.021350775
1.41959993	-0.871746719	-16.66009521	27.95881271	-0.00211474	-0.021862537
1.42079993	-0.705124438	-16.70220566	27.75880814	3.38256E-05	-0.019946843
1.42199993	-0.620580196	-16.71133804	27.55882263	0.001205471	-0.019300133
1.42319993	-0.434440672	-16.68304062	27.35881805	0.002377713	-0.018501133
1.424399929	-0.636598527	-16.64548111	27.15881348	-0.00035713	-0.021119863
1.425599929	-0.804237425	-16.63535309	26.9588089	-0.001138132	-0.021523684
1.426799929	-0.79568547	-16.6527977	26.75880432	0.001010434	-0.019142181
1.427999929	-0.748241007	-16.6441021	26.55881882	0.001205755	-0.018719584
1.429199929	-0.820879698	-16.63813019	26.35881424	0.001401077	-0.01815185
1.430399929	-0.828080893	-16.66450119	26.15880966	-0.00133317	-0.02067104
1.431599929	-0.762309432	-16.69660568	25.95880508	-0.001137848	-0.020706505
1.432799929	-0.581897199	-16.70485306	25.75881958	3.37977E-05	-0.020016283
1.433999929	-0.507678747	-16.68531036	25.558815	0.001205443	-0.019167811
1.435199929	-0.583388746	-16.67202759	25.35881042	0.001400765	-0.01910165
1.436399929	-0.638500273	-16.64595032	25.15880585	-0.001333482	-0.021699518
1.437599929	-0.799626112	-16.64616013	24.95882034	-0.00113816	-0.021218807
1.438799929	-0.788551629	-16.65999794	24.75881577	3.40817E-05	-0.019854754
1.439999929	-0.734193206	-16.67231941	24.55881119	0.001205727	-0.018712729
1.441199929	-0.619862556	-16.69000244	24.35880661	0.000424725	-0.019737035
1.442399929	-0.592362344	-16.68630981	24.15882111	-0.000356873	-0.020799488
1.443599929	-0.651035726	-16.66969299	23.95881653	-0.001137876	-0.021652132
1.444799928	-0.661642909	-16.65629578	23.75881195	0.00101069	-0.019439906
1.445999928	-0.701979995	-16.64536476	23.55880737	0.001206012	-0.019109696
1.447199928	-0.75990057	-16.63325882	23.35882187	0.000424413	-0.019539744
1.448399928	-0.841399372	-16.6348381	23.15881729	-0.002309834	-0.021850616
1.449599928	-0.882201016	-16.67110825	22.95881271	-0.002114512	-0.02146855
1.450799928	-0.809511602	-16.71051407	22.75880814	-0.000942568	-0.020643026
1.451999928	-0.59668833	-16.72661591	22.55882263	0.000229375	-0.020144433
1.453199928	-0.46031034	-16.69931412	22.35881805	0.000424697	-0.020538718
1.454399928	-0.552179277	-16.67137909	22.15881348	-0.000356603	-0.021509975
1.455599928	-0.732767701	-16.66461182	21.9588089	-0.000161282	-0.021273941
1.456799928	-0.688276947	-16.66389084	21.75880432	0.001010662	-0.020098835
1.457999928	-0.701610208	-16.64746475	21.55881882	0.001205984	-0.019765049
1.459199928	-0.748635292	-16.63587952	21.35881424	0.001401305	-0.019237548
1.460399928	-0.789172709	-16.64869881	21.15880966	-0.001333239	-0.021636337
1.461599928	-0.803806901	-16.68313599	20.95880508	-0.001137918	-0.021442026
1.462799928	-0.569440544	-16.69598198	20.75881958	0.001010648	-0.019659251
1.463999928	-0.558742583	-16.6733284	20.558815	0.00120597	-0.019711703
1.465199927	-0.626647115	-16.64620209	20.35881042	0.001401291	-0.019407719
1.466399927	-0.755372822	-16.62923241	20.15880585	-0.001333104	-0.021775961
1.467599927	-0.8940202	-16.63179016	19.95882034	-0.001137783	-0.021127462
1.468799927	-0.894306839	-16.63879776	19.75881577	3.41609E-05	-0.019565523
1.469999927	-0.915371716	-16.67154312	19.55881119	0.000229483	-0.019224584
1.471199927	-0.718818784	-16.70734787	19.35880661	0.000424804	-0.019345582
1.472399927	-0.491090983	-16.69674683	19.15882111	-0.001332969	-0.021610409
1.473599927	-0.608789861	-16.68058014	18.95881653	-0.001137648	-0.021636039
1.474799927	-0.64331007	-16.67017937	18.75881195	0.001010769	-0.019600093
1.475999927	-0.79000771	-16.6614151	18.55880737	0.001206128	-0.019355677
1.477199927	-0.689759612	-16.64973068	18.35882187	0.001401431	-0.019046944
1.478399927	-0.715908229	-16.6389389	18.15881729	-0.001332927	-0.021521244
1.479599927	-0.845664084	-16.65476036	17.95881271	-0.00113796	-0.021069199
1.480799927	-0.714410305	-16.69089127	17.75880814	0.001010606	-0.019027144
1.481999927	-0.639003992	-16.69496536	17.55882263	0.002182848	-0.018209964
1.483199927	-0.529379547	-16.66312599	17.35881805	0.001401249	-0.019171983
1.484399926	-0.709970772	-16.64460945	17.15881348	-0.001332997	-0.021700412
1.485599926	-0.854134858	-16.65089417	16.9588089	-0.001137676	-0.021231622
1.486799926	-0.778073967	-16.66283035	16.75880432	3.397E-05	-0.019953102
1.487999926	-0.78926158	-16.64907837	16.55881882	0.000229292	-0.019654781
1.489199926	-0.818893135	-16.65167236	16.35881424	-0.000551711	-0.020204931
1.490399926	-0.721592009	-16.67827225	16.15880966	-0.002309633	-0.021938533
1.491599926	-0.752781808	-16.7161026	15.95880508	-0.001137392	-0.021177083
1.492799926	-0.520668745	-16.71739769	15.75881958	0.001010578	-0.019703954
1.493999926	-0.479497671	-16.68491554	15.558815	0.00218282	-0.01894787
1.495199926	-0.497645468	-16.64941597	15.35881042	0.001401221	-0.019704551
1.496399926	-0.732460022	-16.63599777	15.15880585	-0.000356105	-0.021106452
1.497599926	-0.8254354	-16.64719772	14.95882034	-0.001137704	-0.021529049
1.498799926	-0.78914243	-16.6540699	14.75881577	3.45381E-05	-0.020153075
1.499999926	-0.776640296	-16.67295456	14.55881119	0.00022986	-0.01993224
1.501199926	-0.599036217	-16.6998558	14.35880661	0.000425181	-0.020016581
1.502399926	-0.535982132	-16.69638443	14.15882111	-0.001332741	-0.022182316
1.503599926	-0.63709861	-16.6782341	13.95881653	-0.00113742	-0.022167414
1.504799925	-0.611135185	-16.67390442	13.75881195	0.001011146	-0.020178109
1.505999925	-0.688121378	-16.65290451	13.55880737	0.001206468	-0.01993075
1.507199925	-0.747982442	-16.6340065	13.35882187	0.001401789	-0.019431561
1.508399925	-0.785529673	-16.62592888	13.15881729	-0.001333053	-0.021702498
1.509599925	-0.931167185	-16.65650368	12.95881271	-0.002114056	-0.022146851
1.510799925	-0.677902937	-16.71109009	12.75880814	3.45102E-05	-0.020260066
1.511999925	-0.534853339	-16.71642303	12.55882263	0.001206454	-0.01972422
1.513199925	-0.42892921	-16.68907166	12.35881805	0.001401776	-0.02000019
1.514399925	-0.52900964	-16.65464783	12.15881348	-0.000356147	-0.021778792
1.515599925	-0.717033446	-16.63953781	11.9588089	-0.000160825	-0.021287054
1.516799925	-0.752586484	-16.63941193	11.75882339	0.00198774	-0.018826574
1.517999925	-0.755663097	-16.62612915	11.55881882	0.00120644	-0.01921013
1.519199925	-0.851969004	-16.63082886	11.35881424	0.000425139	-0.019489974
1.520399925	-0.900107861	-16.67009544	11.15880966	-0.001332783	-0.021045059
1.521599925	-0.694962323	-16.69544601	10.95880508	-0.001137462	-0.021118969
1.522799925	-0.599060476	-16.69246674	10.75881958	0.001011104	-0.019316524
1.523999925	-0.609217525	-16.66786957	10.558815	0.001206426	-0.019281954
1.525199924	-0.624222934	-16.63812256	10.35881042	0.001401748	-0.01887247
1.526399924	-0.798359871	-16.6305542	10.15880585	-0.001332648	-0.021226406
1.527599924	-0.907649219	-16.64864922	9.958820343	-0.0021138	-0.021667629
1.528799924	-0.8685534	-16.66773796	9.758815765	3.46173E-05	-0.019393861
1.529999924	-0.792396128	-16.68604279	9.558811188	0.000229939	-0.01932472
1.531199924	-0.661344111	-16.70299149	9.35880661	0.000425261	-0.019528568
1.532399924	-0.521282971	-16.69921684	9.158821106	-0.001332513	-0.021717697
1.533599924	-0.566030204	-16.68590927	8.958816528	-0.000160644	-0.020822212
1.534799924	-0.589754879	-16.67080307	8.758811951	0.001011225	-0.019796789
1.535999924	-0.68073225	-16.64791489	8.558807373	0.001206584	-0.019477271
1.537199924	-0.702459455	-16.63625526	8.358821869	0.00042534	-0.019923951
1.538399924	-0.821105063	-16.63739777	8.158817291	-0.001332471	-0.021291766
1.539599924	-0.854657412	-16.66718102	7.958812714	-0.001137503	-0.020911843
1.540799924	-0.671560407	-16.7012043	7.758808136	0.001011062	-0.019016415
1.541999924	-0.577124774	-16.69619751	7.558822632	0.001206384	-0.019234568
1.543199924	-0.501666307	-16.66811371	7.358818054	0.001401706	-0.01921609
1.544399924	-0.68613559	-16.65569496	7.158813477	-0.000356217	-0.020887405
1.545599923	-0.752344251	-16.65485382	6.958808899	-0.001137219	-0.02151832
1.546799923	-0.780136943	-16.64805603	6.758823395	3.44263E-05	-0.020137578
1.547999923	-0.802167952	-16.64852142	6.558818817	0.001206668	-0.018743724
1.549199923	-0.768726945	-16.6513958	6.35881424	0.00042507	-0.019321889
1.550399923	-0.773470044	-16.6661644	6.158809662	-0.001332257	-0.020972937
1.551599923	-0.731471062	-16.69497871	5.958805084	-0.001136935	-0.020984858
1.552799923	-0.523703158	-16.69625473	5.75881958	0.001011034	-0.019273311
1.553999923	-0.503563225	-16.67853928	5.558815002	0.0031596	-0.017352253
1.555199923	-0.531492412	-16.6541214	5.358810425	0.002378598	-0.018111914
1.556399923	-0.660303652	-16.62647629	5.158805847	-0.000355649	-0.020493716
1.557599923	-0.831003189	-16.63315201	4.958820343	-0.001137247	-0.020769387
1.558799923	-0.845611036	-16.64808273	4.758815765	0.001011319	-0.018306226
1.559999923	-0.749981225	-16.67243958	4.558811188	0.00120664	-0.018085092
1.561199923	-0.621578097	-16.68869781	4.35880661	0.001401962	-0.018161982
1.562399923	-0.533781409	-16.68525887	4.158821106	-0.001332285	-0.021186322
1.563599923	-0.618795156	-16.66625595	3.958816528	-0.001136963	-0.021069795
1.564799923	-0.658406496	-16.66090584	3.758811951	0.001011603	-0.018914193
1.565999922	-0.725216031	-16.64799881	3.558807373	0.001206924	-0.01853779
1.567199922	-0.720836818	-16.63181686	3.358821869	0.001402246	-0.018016845
1.568399922	-0.780281782	-16.61581802	3.158817291	-0.001332597	-0.02021715
1.569599922	-0.956043839	-16.64394379	2.958812714	-0.002113599	-0.020556897
1.570799922	-0.736796856	-16.70074844	2.758808136	3.49665E-05	-0.018575341
1.571999922	-0.56285578	-16.71022415	2.558822632	0.00120691	-0.017958134
1.573199922	-0.509592652	-16.6764183	2.358818054	0.001402232	-0.018056482
1.574399922	-0.583290815	-16.64980316	2.158813477	-0.000355691	-0.019739717
1.575599922	-0.743163109	-16.64705658	1.958808899	-0.000160369	-0.019301623
1.576799922	-0.714986205	-16.65272522	1.758823395	0.001988637	-0.016966313
1.577999922	-0.065338939	-16.58667755	1.559467316	0.002836729	-0.01634106
1.579199922	1.321706414	-16.31414413	1.36302948	0.003670594	-0.016557723
1.580399922	2.552768946	-15.7748642	1.172008514	0.00307664	-0.018438846
1.581599922	3.728301764	-14.99723244	0.988883972	0.005500128	-0.017065555
1.582799922	4.670730591	-13.9785738	0.81615448	0.009527171	-0.013421029
1.583999922	5.678108692	-12.74978447	0.656318665	0.007884447	-0.014625043
1.585199922	6.520035744	-11.33945656	0.511837006	0.010876507	-0.010521114
1.586399921	7.497604847	-9.704629898	0.385246277	0.010253696	-0.009471178
1.587599921	8.151157379	-7.912169456	0.278949738	0.009437036	-0.008054227
1.588799921	7.366806507	-6.101109505	0.193901062	0.006410172	-0.0081563
1.589999921	5.740568161	-4.573075294	0.128173828	0.004159048	-0.006726384
1.591199921	4.623509884	-3.342254639	0.079288483	0.002144452	-0.005781651
1.592399921	3.857450008	-2.30985117	0.044746399	0.001780565	-0.004270077
1.593599921	3.104212046	-1.433049679	0.02204895	0.001551553	-0.003192276
1.594799921	2.125707865	-0.744715869	0.008716583	-5.84194E-05	-0.003575087
1.595999921	1.103428721	-0.281708091	0.002269745	-0.000658698	-0.003109872
1.597199921	0.188485742	-0.029007232	0.000171661	-0.000788644	-0.002516359
1.598399921	-0.592358947	0.018452611	0	-0.000976622	-0.002247542
1.599599921	-0.73590225	-0.072308272	0	-0.000976622	-0.002646893
1.600799921	-0.44440797	-0.108660325	0	0	-0.002873093
1.601999921	-0.282046705	-0.09499073	0	0.000976473	-0.003163218
1.603199921	-0.265077055	-0.063799024	0	0.001953095	-0.003120005
1.604399921	-0.322998196	-0.032263689	0	0.001953095	-0.003656447
1.60559992	-0.347013712	-0.011030394	0	0.002929717	-0.002906919
1.60679992	-0.386236727	-2.101E-05	0	0.002929717	-0.00295341
1.60799992	-0.399285495	0.002295382	0	0.002929717	-0.0029248
1.60919992	-0.402388006	-0.000525257	0	0.002929717	-0.002911687
1.61039992	-0.365492761	-5.71016E-05	0	0.002929717	-0.002928376
1.61159992	-0.350150913	0.002171418	0	0.002929717	-0.002915263
1.61279992	-0.331448019	0.002576439	0	0.002929717	-0.002885461
1.61399992	-0.316102743	0.004007691	0	0.002929717	-0.002843738
1.61519992	-0.285343081	0.000954362	0	0.002929717	-0.002812147
1.61639992	-0.275933921	0.001302465	0	0.002929717	-0.002798438
1.61759992	-0.258387834	0.001491841	0	0.002929717	-0.002785325
1.61879992	-0.244684473	0.004458734	0	0.002929717	-0.002743602
1.61999992	-0.21697332	0.00348995	0	0.002929717	-0.002694726
1.62119992	-0.202138886	0.000217512	0	0.002929717	-0.002676249
1.62239992	-0.174970776	0.000797351	0	0.002929717	-0.002676845
1.62359992	-0.17624791	0.005928685	0	0.002929717	-0.002633929
1.62479992	-0.170736372	0.003361578	0	0.002929717	-0.002568364
1.625999919	-0.134059504	0.002061853	0	0.002929717	-0.002545118
1.627199919	-0.122587316	0.00301012	0	0.002929717	-0.002515912
1.628399919	-0.09042827	0.003148337	0	0.002929717	-0.002482533
1.629599919	-0.076729789	0.004980546	0	0.002929717	-0.002430081
1.630799919	-0.090641268	0.005723964	0	0.002929717	-0.00236392
1.631999919	-0.065808088	0.005595881	0	0.002929717	-0.002297759
1.633199919	-0.028059389	0.005677699	0	0.002929717	-0.002232194
1.634399919	-0.078835748	0.00531809	0	0.001953095	-0.003142059
1.635599919	-0.031373572	0.000315926	0	0.001953095	-0.003114641
1.636799919	-0.02937647	7.71138E-05	0	0.001953095	-0.003114641
1.637999919	-0.04158077	0.002282945	0	0.001953095	-0.003097355
1.639199919	-0.039479036	0.004554914	0	0.001953095	-0.003052652
1.640399919	-0.030785372	0.006385538	0	0.001953095	-0.002990663
1.641599919	-0.023952255	0.006225548	0	0.001953095	-0.002914965
1.642799919	-0.021524103	0.007484991	0	0.001953095	-0.002828538
1.643999919	-0.010033567	0.006435976	0	0.001953095	-0.00274986
1.645199919	0.000756182	0.006896889	0	0.001953095	-0.002668798
1.646399918	-0.001649779	0.008033318	0	0.001953095	-0.002580583
1.647599918	0.003660906	0.008058061	0	0.001953095	-0.002479851
1.648799918	-0.003331375	0.007837258	0	0.001953095	-0.002385676
