Frequenz	mg
12.20703125	0.853918338
24.4140625	2.634919131
36.62109375	4.72370317
48.828125	4.259503331
61.03515625	2.804883263
73.2421875	4.749005314
85.44921875	2.554585868
97.65625	0.839417975
109.8632813	0.881627381
122.0703125	1.02833882
134.2773438	1.056995681
146.484375	1.218414643
158.6914063	1.031822268
170.8984375	0.91569946
183.1054688	0.87180835
195.3125	0.838034173
207.5195313	0.732514678
219.7265625	1.015506476
231.9335938	2.694475612
244.140625	3.164810841
256.3476563	2.169786171
268.5546875	2.616888278
280.7617188	1.442432632
292.96875	0.9610016
305.1757813	1.00919566
317.3828125	1.184648016
329.5898438	1.40513318
341.796875	3.494689591
354.0039063	7.193509141
366.2109375	5.023594762
378.4179688	4.183809692
390.625	5.827381459
402.8320313	6.369810049
415.0390625	6.047580316
427.2460938	7.683396798
439.453125	8.414213028
451.6601563	7.987184149
463.8671875	5.930837539
476.0742188	4.718169961
488.28125	4.329244762
500.4882813	4.93917031
512.6953125	4.751876133
524.9023438	7.35171016
537.109375	6.835090479
549.3164063	4.731141928
561.5234375	4.241251925
573.7304688	4.182501948
585.9375	3.978075031
598.1445313	3.443164835
610.3515625	4.153312932
622.5585938	5.364895904
634.765625	4.072353848
646.9726563	3.608893393
659.1796875	3.345583915
671.3867188	3.091485705
683.59375	3.980918446
695.8007813	8.621526184
708.0078125	14.08586095
720.2148438	23.16598634
732.421875	12.07843113
744.6289063	4.172027411
756.8359375	3.796148553
769.0429688	4.494468769
781.25	4.672089894
793.4570313	4.415088235
805.6640625	5.092446388
817.8710938	5.171629429
830.078125	5.006658134
842.2851563	5.440532005
854.4921875	6.845800488
866.6992188	7.505393898
878.90625	7.010392298
891.1132813	4.503647782
903.3203125	2.816439689
915.5273438	2.569938004
927.734375	2.983094436
939.9414063	2.589554962
952.1484375	2.55208828
964.3554688	2.851109517
976.5625	2.509704254
988.7695313	2.760542493
1000.976563	2.08941908
1013.183594	2.121322709
1025.390625	2.36669483
1037.597656	2.714850683
1049.804688	3.599136981
1062.011719	3.724060771
1074.21875	3.710857323
1086.425781	2.972767371
1098.632813	2.726990111
1110.839844	2.876599948
1123.046875	2.743751496
1135.253906	3.610594366
1147.460938	4.233376872
1159.667969	4.13065723
1171.875	4.101449134
1184.082031	3.658835853
1196.289063	4.173830744
1208.496094	4.558726701
1220.703125	6.422739216
1232.910156	7.807933185
1245.117188	9.120756947
1257.324219	8.354994275
1269.53125	6.098504777
1281.738281	5.300379669
1293.945313	6.183753372
1306.152344	6.1738195
1318.359375	6.485107686
1330.566406	5.02911843
1342.773438	5.525985041
1354.980469	5.00136054
1367.1875	5.630685131
1379.394531	5.577701204
1391.601563	6.385192632
1403.808594	8.479743355
1416.015625	13.26849727
1428.222656	12.35356682
1440.429688	15.00741719
1452.636719	13.75352434
1464.84375	9.583437737
1477.050781	12.04031619
1489.257813	18.58970017
1501.464844	19.92442759
1513.671875	15.07738226
1525.878906	18.74169929
1538.085938	14.42629674
1550.292969	13.80279575
1562.5	15.33085232
1574.707031	12.79936517
1586.914063	13.54334322
1599.121094	11.90815084
1611.328125	10.73954058
1623.535156	9.440318536
1635.742188	6.764104797
1647.949219	7.932240603
1660.15625	9.145330547
1672.363281	10.69545276
1684.570313	9.133358353
1696.777344	12.61806901
1708.984375	13.71396368
1721.191406	12.93523601
1733.398438	16.24184447
1745.605469	16.96164868
1757.8125	16.87530593
1770.019531	17.6845402
1782.226563	21.67831602
1794.433594	25.15035799
1806.640625	26.5099778
1818.847656	23.44462632
1831.054688	22.04193517
1843.261719	16.41372878
1855.46875	12.51659591
1867.675781	7.469811884
1879.882813	8.765244472
1892.089844	7.140252791
1904.296875	6.768337643
1916.503906	6.00625939
1928.710938	7.312847107
1940.917969	6.1730862
1953.125	4.907447603
1965.332031	5.727872967
1977.539063	6.453148964
1989.746094	5.749888575
2001.953125	5.492731368
2014.160156	5.64829475
2026.367188	5.7031024
2038.574219	6.181121156
2050.78125	6.446307977
2062.988281	7.989800437
2075.195313	7.819605977
2087.402344	8.925249158
2099.609375	13.62679457
2111.816406	12.68427873
2124.023438	10.28858167
2136.230469	15.09854772
2148.4375	18.1346359
2160.644531	15.97675253
2172.851563	13.15012377
2185.058594	14.69023455
2197.265625	18.63474043
2209.472656	26.01997558
2221.679688	29.29932149
2233.886719	30.38970394
2246.09375	32.94683867
2258.300781	29.13762354
2270.507813	28.94021064
2282.714844	28.06806274
2294.921875	28.15830379
2307.128906	28.83971921
2319.335938	20.43661039
2331.542969	15.59100638
2343.75	14.8281654
2355.957031	16.7153716
2368.164063	18.43799462
2380.371094	16.57295647
2392.578125	14.62496816
2404.785156	14.05243026
2416.992188	13.80676827
2429.199219	12.86529031
2441.40625	13.80046773
2453.613281	13.71306568
2465.820313	13.57884874
2478.027344	14.68761688
2490.234375	16.00326633
2502.441406	13.88437928
2514.648438	11.54038042
2526.855469	10.7383758
2539.0625	8.452322225
2551.269531	8.692059036
2563.476563	8.551320254
2575.683594	8.04708491
2587.890625	6.906175502
2600.097656	7.200107799
2612.304688	9.930888387
2624.511719	8.955464878
2636.71875	7.799892757
2648.925781	5.734813828
2661.132813	4.969096952
2673.339844	5.428868397
2685.546875	5.952700022
2697.753906	5.864967097
2709.960938	5.580761661
2722.167969	5.424563147
2734.375	5.581931527
2746.582031	7.519960635
2758.789063	7.031143569
2770.996094	8.971934576
2783.203125	10.2051928
2795.410156	8.082496512
2807.617188	8.425397392
2819.824219	6.770091435
2832.03125	7.499477932
2844.238281	8.628452741
2856.445313	8.945077141
2868.652344	7.750337201
2880.859375	7.45728102
2893.066406	6.841810838
2905.273438	7.57470181
2917.480469	7.986896141
2929.6875	6.961542874
2941.894531	7.042997418
2954.101563	7.239871751
2966.308594	6.308388987
2978.515625	6.015912776
2990.722656	7.039256973
3002.929688	6.90259264
3015.136719	6.686209575
3027.34375	5.621075351
3039.550781	6.055029927
3051.757813	6.161309734
3063.964844	5.140162171
3076.171875	4.930742729
3088.378906	4.452671154
3100.585938	5.32031444
3112.792969	5.399329182
3125	4.83123106
3137.207031	4.571890214
3149.414063	5.427290232
3161.621094	5.27014937
3173.828125	4.568929618
3186.035156	4.020855244
3198.242188	4.181907831
3210.449219	4.431402287
3222.65625	4.570485582
3234.863281	4.895775717
3247.070313	4.942417409
3259.277344	4.993527959
3271.484375	5.496051184
3283.691406	6.226987157
3295.898438	5.827871637
3308.105469	6.709346992
3320.3125	7.146194717
3332.519531	6.434134567
3344.726563	6.212422747
3356.933594	6.558129084
3369.140625	5.976281641
3381.347656	7.77282147
3393.554688	9.684777326
3405.761719	8.1054908
3417.96875	7.561753924
3430.175781	7.766117469
3442.382813	7.586244375
3454.589844	8.801330627
3466.796875	10.58526872
3479.003906	9.476831176
3491.210938	9.986817853
3503.417969	9.225887536
3515.625	10.313407
3527.832031	11.38012303
3540.039063	11.82059664
3552.246094	11.94777613
3564.453125	12.79594539
3576.660156	14.31850084
3588.867188	15.0366862
3601.074219	16.70326405
3613.28125	19.08503214
3625.488281	17.77706418
3637.695313	15.37154931
3649.902344	13.43947694
3662.109375	13.60449406
3674.316406	12.15150624
3686.523438	13.50396454
3698.730469	13.1054865
3710.9375	10.8080906
3723.144531	9.551530871
3735.351563	9.067500354
3747.558594	8.913080897
3759.765625	7.463749562
3771.972656	6.593313785
3784.179688	6.431989709
3796.386719	5.581009331
3808.59375	6.443874524
3820.800781	6.406720499
3833.007813	5.938614955
3845.214844	6.029363277
3857.421875	5.614477762
3869.628906	5.697074331
3881.835938	6.7305011
3894.042969	5.904353113
3906.25	5.922003358
3918.457031	6.52378834
3930.664063	6.060795504
3942.871094	7.081682287
3955.078125	7.308306243
3967.285156	7.301329751
3979.492188	7.541635107
3991.699219	7.305683758
4003.90625	6.474925657
4016.113281	7.414677299
4028.320313	6.895763907
4040.527344	7.227547189
4052.734375	8.319003874
4064.941406	7.846213791
4077.148438	8.554289192
4089.355469	8.552861281
4101.5625	10.27585772
4113.769531	8.836371141
4125.976563	6.712511147
4138.183594	6.463792993
4150.390625	6.104026777
4162.597656	5.700935747
4174.804688	6.364313136
4187.011719	7.839817146
4199.21875	10.59395631
4211.425781	8.816843903
4223.632813	8.761775999
4235.839844	11.1773243
4248.046875	7.353859134
4260.253906	8.060447312
4272.460938	15.16536551
4284.667969	14.2737312
4296.875	9.314945822
4309.082031	11.66867541
4321.289063	10.01108434
4333.496094	7.225887734
4345.703125	6.779264725
4357.910156	5.649544678
4370.117188	6.21970393
4382.324219	6.109163683
4394.53125	5.192498677
4406.738281	5.568265606
4418.945313	5.32528457
4431.152344	4.521264513
4443.359375	4.939253944
4455.566406	6.090405601
4467.773438	6.356178285
4479.980469	6.475566091
4492.1875	6.198313577
4504.394531	6.382945562
4516.601563	6.059726277
4528.808594	6.864028636
4541.015625	7.5319756
4553.222656	7.519313762
4565.429688	8.208831046
4577.636719	8.298385601
4589.84375	8.797469359
4602.050781	9.886935786
4614.257813	10.55370322
4626.464844	10.15046838
4638.671875	10.49968636
4650.878906	9.534805441
4663.085938	8.526115059
4675.292969	9.825674467
4687.5	11.14480384
4699.707031	9.926297586
4711.914063	9.607619794
4724.121094	9.81191482
4736.328125	11.3033318
4748.535156	10.8745523
4760.742188	10.85476478
4772.949219	12.58626666
4785.15625	12.10672429
4797.363281	11.99121627
4809.570313	10.57686385
4821.777344	12.15364113
4833.984375	12.45680454
4846.191406	14.50103516
4858.398438	12.04802024
4870.605469	12.27282485
4882.8125	12.24771923
4895.019531	13.48078922
4907.226563	12.95071333
4919.433594	12.5547764
4931.640625	12.02197518
4943.847656	11.09324851
4956.054688	13.7293497
4968.261719	14.70584866
4980.46875	14.85552741
4992.675781	13.44317638
5004.882813	13.3602966
5017.089844	12.85936975
5029.296875	13.84432145
5041.503906	13.8806048
5053.710938	14.5268124
5065.917969	19.12299049
5078.125	18.25457245
5090.332031	18.26735593
5102.539063	15.22969356
5114.746094	15.63967301
5126.953125	14.4295034
5139.160156	16.78847748
5151.367188	18.54033332
5163.574219	21.45157308
5175.78125	24.39583906
5187.988281	20.91477878
5200.195313	17.28575149
5212.402344	19.04057226
5224.609375	22.8002704
5236.816406	20.76992743
5249.023438	15.68732713
5261.230469	19.95932767
5273.4375	21.22646746
5285.644531	20.53607571
5297.851563	19.99884338
5310.058594	21.01040555
5322.265625	21.34125996
5334.472656	20.0107202
5346.679688	23.72242884
5358.886719	25.15360743
5371.09375	24.37957728
5383.300781	23.69675084
5395.507813	25.25941739
5407.714844	25.66688192
5419.921875	21.86736569
5432.128906	25.95993423
5444.335938	32.00635752
5456.542969	27.06766766
5468.75	28.00296414
5480.957031	33.80182904
5493.164063	27.69150959
5505.371094	25.67577619
5517.578125	24.32755264
5529.785156	27.49238252
5541.992188	24.23936618
5554.199219	30.06162419
5566.40625	28.48935866
5578.613281	31.25257469
5590.820313	30.06414473
5603.027344	30.04156931
5615.234375	29.42659836
5627.441406	25.75180463
5639.648438	27.60589894
5651.855469	29.35455009
5664.0625	32.54043952
5676.269531	29.5711404
5688.476563	27.15200784
5700.683594	28.90108597
5712.890625	30.21639927
5725.097656	28.14614776
5737.304688	28.03333614
5749.511719	28.95114668
5761.71875	33.42154017
5773.925781	35.94284692
5786.132813	34.79290859
5798.339844	30.65103779
5810.546875	29.45607656
5822.753906	28.24989027
5834.960938	29.29393418
5847.167969	28.82976284
5859.375	28.10798288
5871.582031	25.95019746
5883.789063	27.06304093
5895.996094	24.84008662
5908.203125	21.70203994
5920.410156	25.71552129
5932.617188	27.40258375
5944.824219	27.96455069
5957.03125	23.46458679
5969.238281	24.18905799
5981.445313	24.91049226
5993.652344	24.78666474
6005.859375	23.4652266
6018.066406	20.63446959
6030.273438	20.85734748
6042.480469	23.06319062
6054.6875	21.95679361
6066.894531	25.28796861
6079.101563	22.12761391
6091.308594	18.23892265
6103.515625	19.88536219
6115.722656	22.75804108
6127.929688	19.09478341
6140.136719	16.79216246
6152.34375	20.2407352
6164.550781	21.00708692
6176.757813	17.94846252
6188.964844	17.09179751
6201.171875	16.07534593
6213.378906	16.69147884
6225.585938	15.48520665
6237.792969	12.24421181
6250	14.67909
6262.207031	16.50548327
6274.414063	14.87986163
6286.621094	11.96616149
6298.828125	12.99836199
6311.035156	12.34904526
6323.242188	13.05376904
6335.449219	16.28549632
6347.65625	13.97795173
6359.863281	13.2373686
6372.070313	14.80275268
6384.277344	12.920469
6396.484375	12.06171697
6408.691406	11.49057792
6420.898438	12.27636987
6433.105469	12.87737608
6445.3125	12.68609246
6457.519531	13.00378424
6469.726563	13.41460869
6481.933594	11.58550851
6494.140625	13.22820803
6506.347656	15.07528732
6518.554688	11.84742601
6530.761719	12.4051303
6542.96875	13.08357208
6555.175781	11.41684917
6567.382813	12.33221453
6579.589844	12.44240693
6591.796875	9.979943614
6604.003906	12.10163132
6616.210938	11.05176958
6628.417969	10.2644906
6640.625	11.35693523
6652.832031	13.14237056
6665.039063	11.14794892
6677.246094	10.73075585
6689.453125	9.304490944
6701.660156	9.81652891
6713.867188	10.01748739
6726.074219	9.320410293
6738.28125	9.202030177
6750.488281	8.492582125
6762.695313	10.1011551
6774.902344	10.35873607
6787.109375	9.645335314
6799.316406	8.738854889
6811.523438	8.831253783
6823.730469	8.560288735
6835.9375	8.157614887
6848.144531	8.099541692
6860.351563	7.660653785
6872.558594	7.231332161
6884.765625	7.734925861
6896.972656	7.28583193
6909.179688	7.074332203
6921.386719	7.169351548
6933.59375	8.931676513
6945.800781	8.139619063
6958.007813	7.923311168
6970.214844	7.827465215
6982.421875	6.592355617
6994.628906	7.073160263
7006.835938	6.704916548
7019.042969	5.59505404
7031.25	5.952122226
7043.457031	7.671548115
7055.664063	6.695078714
7067.871094	6.353195073
7080.078125	6.881842116
7092.285156	6.96823084
7104.492188	6.568715067
7116.699219	6.166466365
7128.90625	5.838553843
7141.113281	5.587430109
7153.320313	6.124572667
7165.527344	6.584705342
7177.734375	7.250067382
7189.941406	6.051387654
7202.148438	6.18820706
7214.355469	6.417393499
7226.5625	6.590396939
7238.769531	5.181271241
7250.976563	4.919510612
7263.183594	5.879889787
7275.390625	5.66234291
7287.597656	6.212362032
7299.804688	6.135242938
7312.011719	6.395654098
7324.21875	6.063141183
7336.425781	5.950971834
7348.632813	6.129069793
7360.839844	5.487334983
7373.046875	5.658532691
7385.253906	5.550476581
7397.460938	6.132748156
7409.667969	5.457519587
7421.875	5.690715389
7434.082031	5.177583953
7446.289063	5.191776055
7458.496094	5.366503483
7470.703125	5.62397134
7482.910156	5.768708473
7495.117188	6.011768813
7507.324219	6.202234814
7519.53125	5.622713121
7531.738281	5.774571761
7543.945313	5.795332877
7556.152344	6.792448295
7568.359375	6.178379664
7580.566406	5.314764882
7592.773438	6.382263289
7604.980469	7.658267519
7617.1875	7.951657973
7629.394531	7.862384318
7641.601563	7.951856372
7653.808594	7.456107503
7666.015625	7.152077622
7678.222656	7.194153107
7690.429688	8.373691992
7702.636719	8.849168664
7714.84375	7.831538435
7727.050781	9.006161832
7739.257813	8.798593006
7751.464844	7.957495398
7763.671875	8.753774476
7775.878906	8.376302828
7788.085938	8.870162655
7800.292969	8.512018867
7812.5	7.619383006
7824.707031	7.524422442
7836.914063	8.227164092
7849.121094	8.781729136
7861.328125	9.115846811
7873.535156	8.41877858
7885.742188	7.460819563
7897.949219	6.732856127
7910.15625	9.68698799
7922.363281	11.72895868
7934.570313	11.47253002
7946.777344	11.03853589
7958.984375	9.661033657
7971.191406	10.04983456
7983.398438	9.997679574
7995.605469	10.42977381
8007.8125	9.533323725
8020.019531	10.74076882
8032.226563	11.37974671
8044.433594	11.64115913
8056.640625	10.90244822
8068.847656	11.97887181
8081.054688	11.9128134
8093.261719	11.06994182
8105.46875	10.1872964
8117.675781	9.323794374
8129.882813	9.782610227
8142.089844	9.425755407
8154.296875	12.50492184
8166.503906	11.93956902
8178.710938	10.61583448
8190.917969	11.22257978
8203.125	10.41861142
8215.332031	11.40796124
8227.539063	11.19468371
8239.746094	11.60170557
8251.953125	12.01365831
8264.160156	12.53290326
8276.367188	11.59824319
8288.574219	10.085292
8300.78125	11.32801696
8312.988281	10.47872858
8325.195313	9.525683047
8337.402344	10.69865808
8349.609375	12.17416449
8361.816406	12.68413747
8374.023438	15.07132464
8386.230469	14.192293
8398.4375	12.51915038
8410.644531	10.30733716
8422.851563	12.4755482
8435.058594	11.58665174
8447.265625	10.9092442
8459.472656	10.32713432
8471.679688	10.91135521
8483.886719	11.80475163
8496.09375	11.23121235
8508.300781	12.47977098
8520.507813	10.35513406
8532.714844	10.38391588
8544.921875	13.33317588
8557.128906	11.40130647
8569.335938	10.1653583
8581.542969	10.07482109
8593.75	10.16508403
8605.957031	12.29675817
8618.164063	12.26792987
8630.371094	13.70863431
8642.578125	13.31818781
8654.785156	11.82567952
8666.992188	10.63220838
8679.199219	11.54646696
8691.40625	12.02218895
8703.613281	13.25485132
8715.820313	13.40922717
8728.027344	13.72189303
8740.234375	13.95354298
8752.441406	13.80613468
8764.648438	13.3677685
8776.855469	15.06588369
8789.0625	14.10468751
8801.269531	12.21476656
8813.476563	12.71836578
8825.683594	12.28757392
8837.890625	12.43425416
8850.097656	11.38213634
8862.304688	11.5805008
8874.511719	10.6509246
8886.71875	10.76919622
8898.925781	12.08406998
8911.132813	11.99193602
8923.339844	13.23154033
8935.546875	12.59564249
8947.753906	11.51437598
8959.960938	11.26766908
8972.167969	11.00330607
8984.375	12.71031683
8996.582031	12.68524953
9008.789063	14.41721868
9020.996094	13.80730908
9033.203125	13.76345115
9045.410156	13.40626373
9057.617188	17.2827619
9069.824219	17.09430988
9082.03125	15.13219125
9094.238281	13.20073026
9106.445313	15.32579991
9118.652344	14.22693627
9130.859375	15.71219604
9143.066406	16.25715052
9155.273438	14.3989339
9167.480469	14.25925436
9179.6875	15.01333956
9191.894531	14.39398501
9204.101563	17.75327445
9216.308594	15.60305877
9228.515625	17.175656
9240.722656	16.94994443
9252.929688	17.73410646
9265.136719	21.36320811
9277.34375	36.26051393
9289.550781	28.30736507
9301.757813	19.81981974
9313.964844	19.23317232
9326.171875	18.99493407
9338.378906	17.46061152
9350.585938	19.66183812
9362.792969	18.74224758
9375	20.08385748
9387.207031	20.77368699
9399.414063	18.70183215
9411.621094	20.27108729
9423.828125	18.27194349
9436.035156	21.8144026
9448.242188	21.19124212
9460.449219	21.63815802
9472.65625	20.25772697
9484.863281	20.45139306
9497.070313	25.91558509
9509.277344	27.1724624
9521.484375	23.85583506
9533.691406	23.07410508
9545.898438	23.46694118
9558.105469	26.78044007
9570.3125	26.70168081
9582.519531	26.21226748
9594.726563	27.35420379
9606.933594	26.59824649
9619.140625	29.34971507
9631.347656	27.63724793
9643.554688	30.80375698
9655.761719	32.57039991
9667.96875	27.28047827
9680.175781	24.43418769
9692.382813	26.85980166
9704.589844	27.61723005
9716.796875	25.91487083
9729.003906	24.54915097
9741.210938	29.32565868
9753.417969	41.58047181
9765.625	40.43305498
9777.832031	33.59328926
9790.039063	31.81264238
9802.246094	27.54797436
9814.453125	29.88932297
9826.660156	27.22664433
9838.867188	21.58685018
9851.074219	28.55797808
9863.28125	28.87255293
9875.488281	31.63195376
9887.695313	28.81246372
9899.902344	26.79260264
9912.109375	28.48785532
9924.316406	27.47778468
9936.523438	28.32017245
9948.730469	30.1787284
9960.9375	33.8801821
9973.144531	45.76870915
9985.351563	294.515816
9997.558594	668.0567795
10009.76563	409.7250851
10021.97266	53.55417583
10034.17969	27.65370275
10046.38672	27.51172128
10058.59375	25.99405065
10070.80078	26.4976983
10083.00781	26.42998626
10095.21484	27.80355921
10107.42188	24.26641006
10119.62891	24.58384932
10131.83594	29.38577635
10144.04297	24.901873
10156.25	24.22545908
10168.45703	27.71861113
10180.66406	23.05658228
10192.87109	24.61721841
10205.07813	23.0378199
10217.28516	21.73572856
10229.49219	25.92393787
10241.69922	28.17384721
10253.90625	24.40968364
10266.11328	23.35431332
10278.32031	24.57518275
10290.52734	21.07063916
10302.73438	17.7923559
10314.94141	15.68712755
10327.14844	18.40928152
10339.35547	20.31830524
10351.5625	17.61627701
10363.76953	19.97044504
