%Seriennummer:	38207						
%Standardabweichung	0.126951651	0.038623982	0.022925159	0.156966364	1.04340932	1.285099895	1.52468485
%Mittelwert	0.803429949	0.852430369	0.931007972	0.76483879	22.78458695	22.90280642	23.24585232
Punkte:	StromLauf1	StromLauf2	StromLauf3	StromLauf4	Temperatursensor1	Temperatursensor2	Temperatursensor3
-500	0.8365456	0.8365456	0.9711621				
-499	0.8846229	0.8173147	0.9327003				
-498	0.8846229	0.8557765	0.9327003				
-497	0.8365456	0.865392	0.9519312				
-496	0.8269302	0.8750075	0.9615467				
-495	0.8557765	0.8750075	0.9423158				
-494	0.9230848	0.8076992	0.9230848				
-493	0.8173147	0.9134694	0.9230848				
-492	0.865392	0.9327003	0.9038539				
-491	0.8557765	0.8269302	0.9327003				
-490	0.7884683	0.8557765	0.9134694				
-489	0.8557765	0.8461611	0.9327003				
-488	0.9038539	0.8365456	0.9807776				
-487	0.9230848	0.8557765	0.9423158				
-486	0.9038539	0.8173147	0.9038539				
-485	0.8557765	0.865392	0.9134694				
-484	0.7980838	0.9038539	0.9903931				
-483	0.8846229	0.8461611	0.9134694				
-482	0.9230848	0.8461611	0.9423158				
-481	0.8557765	0.8365456	0.9327003				
-480	0.8173147	0.8461611	0.9711621				
-479	0.865392	0.8076992	0.9327003				
-478	0.3076949	0.8076992	0.9519312				
-477	0.8557765	0.8750075	0.9230848				
-476	0.8365456	0.8942384	0.9711621				
-475	0.865392	0.8269302	0.9230848				
-474	0.8942384	0.8269302	0.9230848				
-473	0.7596219	0.8942384	0.9134694				
-472	0.8557765	0.8365456	0.9615467				
-471	0.8846229	0.8365456	0.9230848				
-470	0.7980838	0.865392	0.9230848				
-469	0.8269302	0.8557765	0.9038539				
-468	0.8557765	0.8269302	0.9519312				
-467	0.9038539	0.8269302	0.9134694				
-466	0.8269302	0.8269302	0.9615467				
-465	0.7692373	0.8173147	0.9134694				
-464	0.8076992	0.9423158	0.9615467				
-463	0.8750075	0.8461611	0.8942384				
-462	0.8173147	0.7980838	0.9615467				
-461	0.8173147	0.8365456	0.8942384				
-460	0.8269302	0.8076992	0.9519312				
-459	0.865392	0.8365456	0.9230848				
-458	0.8269302	0.8173147	0.9230848				
-457	0.8076992	0.8461611	0.865392				
-456	0.865392	0.8942384	0.9230848				
-455	0.8557765	0.8461611	0.9327003				
-454	0.3269259	0.9038539	0.9230848				
-453	0.8173147	0.9230848	0.9327003				
-452	0.7692373	0.9615467	0.9519312				
-451	0.8557765	0.865392	0.9423158				
-450	0.8750075	0.8557765	0.9423158				
-449	0.8365456	0.8365456	0.9327003				
-448	0.8076992	0.9327003	0.9423158				
-447	0.8750075	0.8365456	0.9230848				
-446	0.8942384	0.8269302	0.9134694				
-445	0.8076992	0.8269302	0.9615467				
-444	0.8076992	0.8942384	0.9134694				
-443	0.8750075	0.8461611	0.9134694				
-442	0.865392	0.8365456	0.9327003				
-441	0.8365456	0.8750075	0.9230848				
-440	0.7980838	0.9423158	0.9807776				
-439	0.8942384	0.8365456	0.9327003				
-438	0.8461611	0.8173147	0.9327003				
-437	0.5096198	0.8942384	0.9038539				
-436	0.8269302	0.8750075	0.9423158				
-435	0.8942384	0.865392	0.9230848				
-434	0.8365456	0.8173147	0.9230848				
-433	0.8557765	0.8076992	0.8942384				
-432	0.865392	0.8557765	0.9423158				
-431	0.8557765	0.8173147	0.9230848				
-430	0.8942384	0.8269302	0.9230848				
-429	0.8557765	0.865392	0.9230848				
-428	0.8461611	0.865392	0.9519312				
-427	0.9134694	0.8557765	0.9038539				
-426	0.9230848	0.8461611	0.9807776				
-425	0.8269302	0.8750075	0.9038539				
-424	0.8173147	0.8846229	0.9615467				
-423	0.9134694	0.8750075	0.9134694				
-422	0.8269302	0.8076992	0.9711621				
-421	0.8942384	0.8365456	0.9134694				
-420	0.7980838	0.9134694	0.9327003				
-419	0.9134694	0.8365456	0.9230848				
-418	0.8365456	0.8461611	0.9423158				
-417	0.8173147	0.8461611	0.9134694				
-416	0.8461611	0.8846229	0.9230848				
-415	0.8557765	0.8269302	0.9519312				
-414	0.865392	0.8173147	0.9327003				
-413	0.8557765	0.7884683	0.8942384				
-412	0.865392	0.8846229	0.9711621				
-411	0.8750075	0.8365456	0.9134694				
-410	0.8365456	0.8173147	0.9519312				
-409	0.7980838	0.8557765	0.9230848				
-408	0.8269302	0.8365456	0.9615467				
-407	0.865392	0.8269302	0.9519312				
-406	0.7884683	0.865392	0.9423158				
-405	0.4807734	0.8750075	0.9038539				
-404	0.865392	0.8461611	0.9423158				
-403	0.8269302	0.8557765	0.9423158				
-402	0.3653877	0.8557765	0.9423158				
-401	0.865392	0.8365456	0.9134694				
-400	0.8076992	0.8557765	0.9903931				
-399	0.8750075	0.8461611	0.9327003				
-398	0.8461611	0.7980838	0.9134694				
-397	0.9230848	0.8557765	0.9038539				
-396	0.7980838	0.9711621	0.9711621				
-395	0.8557765	0.7980838	0.9134694				
-394	0.865392	0.8365456	0.9134694				
-393	0.8750075	0.8365456	0.9230848				
-392	0.8365456	0.9038539	0.9615467				
-391	0.9038539	0.8846229	0.9711621				
-390	0.3269259	0.8076992	0.9519312				
-389	0.8846229	0.865392	0.9134694				
-388	0.8461611	0.9327003	0.9519312				
-387	0.8846229	0.8365456	0.9327003				
-386	0.8846229	0.8076992	0.9230848				
-385	0.8557765	0.8461611	0.9134694				
-384	0.7596219	0.9230848	0.9230848				
-383	0.8461611	0.8557765	0.9327003				
-382	0.8461611	0.8461611	0.9230848				
-381	0.8269302	0.865392	0.9230848				
-380	0.8557765	0.7884683	0.9327003				
-379	0.8461611	0.8076992	0.9423158				
-378	0.3557723	0.8076992	0.9519312				
-377	0.5192352	0.9327003	0.9230848				
-376	0.8269302	0.9519312	1.009624				
-375	0.8461611	0.7980838	0.9230848				
-374	0.9519312	0.8076992	0.9519312				
-373	0.865392	0.8461611	0.9038539				
-372	0.8557765	0.865392	0.9519312				
-371	0.8365456	0.8173147	0.9423158				
-370	0.8942384	0.8365456	0.9423158				
-369	0.8076992	0.8846229	0.9327003				
-368	0.8173147	0.8076992	0.9327003				
-367	0.8461611	0.8076992	0.9038539				
-366	0.8750075	0.8076992	0.9423158				
-365	0.8750075	0.8461611	0.9038539				
-364	0.8365456	0.8846229	0.9327003				
-363	0.8750075	0.8173147	0.9230848				
-362	0.8461611	0.8365456	0.9134694				
-361	0.5288507	0.8557765	0.9327003				
-360	0.8557765	0.8461611	0.9711621				
-359	0.8365456	0.8173147	0.9327003				
-358	0.4134651	0.8173147	0.9134694				
-357	0.8461611	0.8269302	0.9134694				
-356	0.8269302	0.8846229	0.9615467				
-355	0.8557765	0.8365456	0.9423158				
-354	0.7980838	0.7884683	0.9230848				
-353	0.8269302	0.8269302	0.9327003				
-352	0.8846229	0.8942384	0.9615467				
-351	0.9327003	0.8173147	0.9327003				
-350	0.8461611	0.8461611	0.9423158				
-349	0.865392	0.865392	0.9134694				
-348	0.8173147	0.8076992	0.9615467				
-347	0.8557765	0.8942384	0.9519312				
-346	0.3557723	0.9038539	0.9615467				
-345	0.865392	0.8461611	0.9230848				
-344	0.8269302	0.8461611	0.9615467				
-343	0.8173147	0.8269302	0.9230848				
-342	0.8846229	0.865392	0.9423158				
-341	0.8173147	0.8461611	0.9230848				
-340	0.8269302	0.9230848	0.9134694				
-339	0.8557765	0.8365456	0.9230848				
-338	0.7980838	0.8269302	0.9423158				
-337	0.8173147	0.8557765	0.9519312				
-336	0.8173147	0.9615467	0.9230848				
-335	0.8557765	0.8076992	0.9230848				
-334	0.8557765	0.8269302	0.9038539				
-333	0.8173147	0.8461611	0.9038539				
-332	0.8076992	0.9038539	0.9711621				
-331	0.8557765	0.8076992	0.9327003				
-330	0.8461611	0.8461611	0.9230848				
-329	0.8557765	0.8269302	0.9038539				
-328	0.7980838	0.865392	0.9615467				
-327	0.8942384	0.8750075	0.9519312				
-326	0.8750075	0.8076992	0.9807776				
-325	0.8365456	0.8269302	0.8942384				
-324	0.8173147	0.8365456	0.9327003				
-323	0.9038539	0.7980838	0.9327003				
-322	0.8365456	0.8269302	0.9327003				
-321	0.8846229	0.865392	0.9230848				
-320	0.9038539	0.9038539	0.9711621				
-319	0.8942384	0.7884683	0.9038539				
-318	0.8557765	0.8173147	0.9327003				
-317	0.8557765	0.865392	0.9615467				
-316	0.8076992	0.9134694	0.9807776				
-315	0.7692373	0.7788528	0.9423158				
-314	0.8461611	0.8076992	0.9038539				
-313	0.8365456	0.9038539	0.9134694				
-312	0.8269302	0.9230848	0.9327003				
-311	0.9134694	0.8750075	0.8846229				
-310	0.865392	0.8173147	0.9230848				
-309	0.8269302	0.8173147	0.8942384				
-308	0.8076992	0.8365456	0.9519312				
-307	0.8846229	0.7980838	0.9230848				
-306	0.8942384	0.8365456	0.9230848				
-305	0.9134694	0.8365456	0.9423158				
-304	0.8365456	0.7980838	0.9519312				
-303	0.8461611	0.8269302	0.9230848				
-302	0.3557723	0.8269302	0.9230848				
-301	0.8076992	0.8750075	0.9327003				
-300	0.8365456	0.8846229	0.9134694				
-299	0.8557765	0.8269302	0.9230848				
-298	0.3653877	0.8269302	0.9423158				
-297	0.4903888	0.8461611	0.9134694				
-296	0.8461611	0.9519312	0.9423158				
-295	0.8557765	0.8365456	0.9230848				
-294	0.8076992	0.8076992	0.9134694				
-293	0.8365456	0.8461611	0.9230848				
-292	0.7980838	0.8846229	0.9807776				
-291	0.9230848	0.8557765	0.9134694				
-290	0.3461568	0.865392	0.9230848				
-289	0.8076992	0.8365456	0.9423158				
-288	0.8173147	0.8461611	0.9903931				
-287	0.8269302	0.8173147	0.9038539				
-286	0.8942384	0.865392	0.9519312				
-285	0.865392	0.8846229	0.8846229				
-284	0.8365456	0.8269302	0.9711621				
-283	0.8173147	0.8846229	0.9038539				
-282	0.8365456	0.8269302	0.9134694				
-281	0.8173147	0.8461611	0.9327003				
-280	0.8269302	0.9230848	0.9519312				
-279	0.8942384	0.8076992	0.9134694				
-278	0.865392	0.8076992	0.9230848				
-277	0.4423115	0.8557765	0.9134694				
-276	0.8461611	0.8846229	0.9807776				
-275	0.865392	0.8269302	0.9038539				
-274	0.8173147	0.8173147	0.9230848				
-273	0.8173147	0.8269302	0.8846229				
-272	0.8365456	0.9038539	0.9519312				
-271	0.8557765	0.8076992	0.9230848				
-270	0.3365414	0.8076992	0.9519312				
-269	0.8173147	0.8846229	0.9230848				
-268	0.7980838	0.865392	0.9519312				
-267	0.8365456	0.865392	0.9327003				
-266	0.8365456	0.8173147	0.9134694				
-265	0.8846229	0.8365456	0.9711621				
-264	0.8846229	0.865392	0.9807776				
-263	0.8846229	0.8076992	0.9423158				
-262	0.8750075	0.8076992	0.9230848				
-261	0.8269302	0.8461611	0.9134694				
-260	0.8269302	0.8750075	0.9519312				
-259	0.8365456	0.8461611	0.9327003				
-258	0.8365456	0.8942384	0.9134694				
-257	0.865392	0.9038539	0.9038539				
-256	0.8461611	0.9230848	0.9423158				
-255	0.8461611	0.8269302	0.9230848				
-254	0.9038539	0.8269302	0.9230848				
-253	0.8461611	0.8750075	0.9423158				
-252	0.8076992	0.8846229	0.9615467				
-251	0.8269302	0.8557765	0.9038539				
-250	0.8269302	0.7980838	0.9134694				
-249	0.4615424	0.8365456	0.9519312				
-248	0.8076992	0.8365456	0.9519312				
-247	0.8846229	0.8269302	0.9230848				
-246	0.9230848	0.7884683	0.9230848				
-245	0.8269302	0.8365456	0.8846229				
-244	0.8076992	0.8461611	0.9711621				
-243	0.8076992	0.8173147	0.9230848				
-242	0.8173147	0.7980838	0.9327003				
-241	0.8269302	0.8750075	0.9230848				
-240	0.8173147	0.8846229	0.9711621				
-239	0.8750075	0.7980838	0.9134694				
-238	0.8365456	0.8076992	0.9519312				
-237	0.8269302	0.865392	0.9038539				
-236	0.8173147	0.8557765	0.9423158				
-235	0.9327003	0.8173147	0.9134694				
-234	0.3750032	0.8076992	0.8846229				
-233	0.5673125	0.9519312	0.9230848				
-232	0.8846229	0.8846229	0.9134694				
-231	0.8846229	0.8269302	0.9230848				
-230	0.865392	0.8461611	0.9038539				
-229	0.8173147	0.865392	0.9423158				
-228	0.865392	0.8942384	0.9134694				
-227	0.8750075	0.8269302	0.9134694				
-226	0.8461611	0.8076992	0.9038539				
-225	0.8365456	0.8269302	0.8942384				
-224	0.8365456	0.865392	0.9327003				
-223	0.8846229	0.8269302	0.9230848				
-222	0.7596219	0.8557765	0.9038539				
-221	0.7788528	0.7980838	0.9038539				
-220	0.865392	0.8557765	0.9519312				
-219	0.8365456	0.8173147	0.9134694				
-218	0.3557723	0.8365456	0.9230848				
-217	0.8269302	0.8846229	0.9038539				
-216	0.8076992	0.9327003	0.9134694				
-215	0.8365456	0.8173147	0.9230848				
-214	0.8750075	0.8173147	0.9423158				
-213	0.7980838	0.8557765	0.9711621				
-212	0.8365456	0.9038539	0.9807776				
-211	0.865392	0.8461611	0.9327003				
-210	0.8269302	0.7884683	0.9327003				
-209	0.7884683	0.8846229	0.9134694				
-208	0.8365456	0.865392	0.9134694				
-207	0.8461611	0.8557765	0.9423158				
-206	0.8269302	0.7884683	0.9038539				
-205	0.8846229	0.865392	0.8846229				
-204	0.8461611	0.8365456	0.9519312				
-203	0.8557765	0.8269302	0.9327003				
-202	0.865392	0.8173147	0.9423158				
-201	0.7980838	0.8461611	0.8942384				
-200	0.7884683	0.9423158	0.9519312				
-199	0.8365456	0.8557765	0.9038539				
-198	0.8076992	0.8076992	0.9134694				
-197	0.7980838	0.8269302	0.9230848				
-196	0.7980838	0.9134694	0.9327003				
-195	0.9038539	0.8365456	0.9038539				
-194	0.8173147	0.8557765	0.9327003				
-193	0.5096198	0.9711621	0.9423158				
-192	0.8173147	0.9519312	0.9038539				
-191	0.8365456	0.8750075	0.9134694				
-190	0.9038539	0.865392	0.8942384				
-189	0.8365456	0.8750075	0.9327003				
-188	0.8076992	0.865392	0.9327003	0			
-187	0.8461611	0.865392	0.9038539	0.865392			
-186	0.8269302	0.8365456	0.9807776	0.8365456			
-185	0.7884683	0.8461611	0.9423158	0.8846229			
-184	0.8076992	0.9327003	0.9134694	0.8365456			
-183	0.9134694	0.8365456	0.9038539	0.8076992			
-182	0.3461568	0.8269302	0.9423158	0.9134694			
-181	0.8076992	0.8269302	0.9038539	0.8557765			
-180	0.8365456	0.8846229	0.9038539	0.8173147			
-179	0.8365456	0.8173147	0.9230848	0.8461611			
-178	0.8750075	0.8076992	0.9423158	0.865392			
-177	0.7980838	0.9134694	0.9327003	0.8750075			
-176	0.7980838	0.8461611	0.9423158	0.7980838			
-175	0.7884683	0.8173147	0.9519312	0.7980838			
-174	0.8365456	0.8750075	0.9327003	0.865392			
-173	0.8750075	0.8173147	0.8942384	0.8076992			
-172	0.8365456	0.8269302	0.9423158	0.8557765			
-171	0.7788528	0.8557765	0.9230848	0.8557765			
-170	0.3750032	0.8461611	0.9327003	0.8076992			
-169	0.8269302	0.8365456	0.9230848	0.865392			
-168	0.8557765	0.865392	0.9230848	0.5000043			
-167	0.8942384	0.865392	0.9230848	0.8173147			
-166	0.8942384	0.8173147	0.9615467	0.8173147			
-165	0.5384662	0.8750075	0.9038539	0.8173147			
-164	0.7980838	0.9038539	0.9230848	0.8750075			
-163	0.8365456	0.8365456	0.9134694	0.8076992			
-162	0.8076992	0.8076992	0.9327003	0.8846229			
-161	0.8461611	0.8365456	0.9134694	0.8461611			
-160	0.8269302	0.9423158	0.9327003	0.7980838			
-159	0.9134694	0.8076992	0.9230848	0.8365456			
-158	0.8173147	0.8173147	0.9134694	0.7788528			
-157	0.8076992	0.8846229	0.9423158	0.8365456			
-156	0.8750075	0.8557765	0.9230848	0.7788528			
-155	0.8750075	0.8557765	0.9615467	0.8076992			
-154	0.3269259	0.7980838	0.9230848	0.8942384			
-153	0.5384662	0.8076992	0.9038539	0.2980795			
-152	0.7788528	0.8269302	0.9327003	0.8173147			
-151	0.8846229	0.8076992	0.9327003	0.7980838			
-150	0.8365456	0.8365456	0.9230848	0.8557765			
-149	0.5192352	0.8269302	0.9038539	0.9038539			
-148	0.8076992	0.8461611	0.9807776	0.8076992			
-147	0.8461611	0.8557765	0.9038539	0.8461611			
-146	0.8269302	0.7980838	0.9134694	0.8942384			
-145	0.8365456	0.8365456	0.9134694	0.7884683			
-144	0.8076992	0.9134694	0.9327003	0.432696			
-143	0.8557765	0.8365456	0.9038539	0.8173147			
-142	0.2980795	0.8557765	0.9230848	0.8076992			
-141	0.8846229	0.8942384	0.9038539	0.8076992			
-140	0.8365456	0.9711621	0.9519312	0.7980838			
-139	0.8750075	0.8461611	0.9615467	0.7980838			
-138	0.8365456	0.8076992	0.9423158	0.8365456			
-137	0.8365456	0.8461611	0.9327003	0.8269302			
-136	0.8365456	0.8365456	0.9615467	0.4423115			
-135	0.8365456	0.8750075	0.9519312	0.8365456			
-134	0.8365456	0.8269302	0.9038539	0.8557765			
-133	0.8076992	0.8750075	0.9327003	0.7980838			
-132	0.8557765	0.8846229	0.9615467	0.865392			
-131	0.8461611	0.865392	0.9519312	0.8461611			
-130	0.3846187	0.8365456	0.9134694	0.7980838			
-129	0.8846229	0.8269302	0.9038539	0.7884683			
-128	0.8942384	0.8750075	0.9423158	0.4807734			
-127	0.8750075	0.8365456	0.9327003	0.8173147			
-126	0.4038496	0.8461611	0.9230848	0.8076992			
-125	0.7980838	0.8942384	0.9230848	0.3269259			
-124	0.8173147	1.000009	0.9423158	0.8173147			
-123	0.8557765	0.8461611	0.9327003	0.8269302			
-122	0.7884683	0.8365456	0.9327003	0.7884683			
-121	0.8365456	0.8461611	0.9519312	0.8076992			
-120	0.8365456	0.865392	0.9711621	0.4807734			
-119	0.8750075	0.8557765	0.9615467	0.8557765			
-118	0.8269302	0.8365456	0.9230848	0.8557765			
-117	0.4711579	0.8557765	0.8942384	0.7692373			
-116	0.8365456	0.9327003	0.9423158	0.8365456			
-115	0.8365456	0.8365456	0.9230848	0.8365456			
-114	0.8173147	0.865392	0.9423158	0.7884683			
-113	0.7788528	0.865392	0.9327003	0.3076949			
-112	0.8269302	0.8557765	0.9903931	0.4615424			
-111	0.865392	0.8076992	0.9134694	0.865392			
-110	0.8461611	0.8365456	0.9134694	0.8365456			
-109	0.7788528	0.865392	0.9134694	0.8076992			
-108	0.8269302	0.9519312	0.9230848	0.7884683			
-107	0.8846229	0.8173147	0.9327003	0.8365456			
-106	0.8461611	0.8461611	0.9327003	0.8750075			
-105	0.8173147	0.8750075	0.8846229	0.7980838			
-104	0.865392	0.9711621	0.9519312	0.8461611			
-103	0.865392	0.8173147	0.9230848	0.8461611			
-102	0.8557765	0.8269302	0.9711621	0.8750075			
-101	0.8076992	0.9038539	0.9134694	0.7788528			
-100	0.8269302	0.9038539	0.9807776	0.8173147			
-99	0.8365456	0.8173147	0.9327003	0.7596219			
-98	0.8365456	0.8173147	0.9038539	0.9134694			
-97	0.8365456	0.8557765	0.9423158	0.3557723			
-96	0.7980838	0.8269302	0.9134694	0.8365456			
-95	0.8557765	0.8173147	0.9327003	0.8173147	20.72947	20.52892	20.72947
-94	0.8365456	0.8269302	0.9230848	0.8461611	20.6292	20.52892	20.6292
-93	0.8365456	0.9230848	0.9038539	0.7692373	20.72947	20.52892	20.6292
-92	0.7788528	0.8942384	0.9423158	0.4230805	20.82975	20.82975	20.72947
-91	0.8557765	0.8461611	0.9134694	0.7980838	20.93003	21.0303	20.82975
-90	0.3461568	0.8269302	0.9327003	0.8269302	21.13058	21.23085	21.0303
-89	0.7884683	0.865392	0.8942384	0.8365456	21.33113	21.33113	21.13058
-88	0.7884683	0.8750075	0.9423158	0.7500064	21.4314	21.33113	21.33113
-87	0.8750075	0.8173147	0.9230848	0.8173147	21.4314	21.33113	21.33113
-86	0.3653877	0.7884683	0.9230848	0.865392	21.33113	21.33113	21.33113
-85	0.8557765	0.8557765	0.9134694	0.4038496	21.33113	21.33113	21.4314
-84	0.8076992	0.8942384	0.9903931	0.8365456	21.4314	21.33113	21.53168
-83	0.8557765	0.8365456	0.9519312	0.8365456	21.53168	21.53168	21.53168
-82	0.8365456	0.8365456	0.8942384	0.865392	21.63195	21.73223	21.63195
-81	0.7980838	0.8846229	0.9423158	0.2980795	21.63195	21.63195	21.63195
-80	0.8076992	0.8750075	0.9615467	0.8173147	21.63195	21.4314	21.73223
-79	0.8269302	0.8557765	0.9230848	0.8461611	21.63195	21.4314	21.73223
-78	0.7884683	0.8269302	0.9327003	0.8173147	21.63195	21.53168	21.73223
-77	0.5384662	0.8365456	0.8846229	0.3557723	21.63195	21.63195	21.73223
-76	0.8750075	0.8750075	0.9230848	0.8461611	21.73223	21.8325	21.73223
-75	0.8269302	0.8750075	0.9134694	0.7980838	21.8325	21.8325	21.8325
-74	0.8173147	0.8365456	0.9423158	0.8269302	21.73223	21.53168	21.93278
-73	0.7788528	0.9038539	0.9230848	0.7980838	21.73223	21.53168	21.8325
-72	0.7692373	0.8942384	1.000009	0.8173147	21.73223	21.53168	21.93278
-71	0.8269302	0.8269302	0.9519312	0.8173147	21.63195	21.63195	21.8325
-70	0.3173104	0.8461611	0.9423158	0.8846229	21.73223	21.73223	21.8325
-69	0.8173147	0.8942384	0.8846229	0.3365414	21.8325	21.8325	21.93278
-68	0.8365456	0.9134694	0.9327003	0.8269302	21.93278	21.73223	21.93278
-67	0.7980838	0.8365456	0.9519312	0.8461611	21.8325	21.53168	22.03305
-66	0.8173147	0.8750075	0.9423158	0.8269302	21.73223	21.53168	21.93278
-65	0.7884683	0.9519312	0.9134694	0.865392	21.73223	21.63195	21.93278
-64	0.7692373	0.9038539	0.9327003	0.4423115	21.8325	21.8325	21.93278
-63	0.8269302	0.8557765	0.9327003	0.7788528	22.13333	22.13333	22.03305
-62	0.7980838	0.8461611	1.009624	0.7884683	22.2336	22.2336	22.13333
-61	0.8173147	0.9230848	0.9423158	0.7884683	22.43415	22.2336	22.2336
-60	0.8461611	0.8846229	0.9038539	0.7980838	22.43415	22.2336	22.43415
-59	0.9038539	0.8461611	0.9327003	0.8076992	22.53443	22.43415	22.53443
-58	0.3846187	0.7980838	0.8942384	0.8365456	22.73498	22.6347	22.6347
-57	0.7884683	0.8173147	0.9423158	0.8557765	22.93553	22.83525	22.73498
-56	0.8365456	0.8461611	0.9615467	0.8846229	22.93553	22.83525	22.93553
-55	0.8557765	0.8557765	0.9423158	0.8461611	22.93553	22.73498	22.93553
-54	0.8846229	0.7980838	0.9230848	0.7884683	22.93553	22.73498	23.0358
-53	0.740391	0.8461611	0.9230848	0.7980838	23.0358	22.93553	23.0358
-52	0.8076992	0.865392	0.9519312	0.8076992	23.13608	22.93553	23.13608
-51	0.8173147	0.8269302	0.9230848	0.7692373	23.23635	23.0358	23.23635
-50	0.8365456	0.8269302	0.9327003	0.7980838	23.23635	22.93553	23.33663
-49	0.7692373	0.8461611	0.9519312	0.3750032	23.13608	22.93553	23.33663
-48	0.7884683	0.8076992	0.9519312	0.7596219	23.0358	22.93553	23.33663
-47	0.8461611	0.8365456	0.9327003	0.8076992	23.0358	22.93553	23.33663
-46	0.740391	0.8557765	0.9423158	0.8750075	23.13608	23.13608	23.4369
-45	0.5000043	0.8942384	0.9134694	0.7980838	23.23635	23.13608	23.4369
-44	0.7692373	0.8942384	0.9519312	0.4230805	23.23635	22.93553	23.53718
-43	0.8461611	0.8076992	0.9230848	0.8269302	23.13608	22.93553	23.53718
-42	0.740391	0.8076992	0.9038539	0.8461611	23.0358	22.93553	23.4369
-41	0.8269302	0.8750075	0.9423158	0.3557723	23.13608	23.13608	23.53718
-40	0.7692373	0.8846229	0.9423158	0.8173147	23.23635	23.23635	23.4369
-39	0.8173147	0.8461611	0.9038539	0.7980838	23.33663	23.13608	23.53718
-38	0.8076992	0.8365456	0.9423158	0.8269302	23.13608	22.93553	23.53718
-37	0.5096198	0.865392	0.9038539	0.8173147	23.0358	22.93553	23.63745
-36	0.8365456	0.8461611	0.9711621	0.4134651	23.0358	23.0358	23.53718
-35	0.8461611	0.8750075	0.9519312	0.7596219	23.23635	23.13608	23.53718
-34	0.8076992	0.8365456	0.8942384	0.8269302	23.4369	23.4369	23.53718
-33	0.8173147	0.9230848	0.9134694	0.72116	23.63745	23.53718	23.63745
-32	0.7980838	0.9134694	0.9230848	0.7980838	23.63745	23.53718	23.73773
-31	0.865392	0.8365456	0.9038539	0.7596219	23.838	23.63745	23.93828
-30	0.8076992	0.8461611	0.9134694	0.865392	23.73773	23.93828	24.13883
-29	0.7788528	0.8846229	0.9038539	0.7596219	23.838	24.13883	24.2391
-28	0.8076992	0.9038539	0.9519312	0.4230805	23.838	24.2391	24.43965
-27	0.8269302	0.865392	0.9134694	0.7500064	23.838	24.13883	24.6402
-26	0.2788485	0.865392	0.9038539	0.8461611	23.73773	24.2391	24.74048
-25	0.8076992	0.865392	0.9230848	0.8076992	23.838	24.43965	24.84075
-24	0.8076992	0.8750075	0.9038539	0.8076992	24.03855	24.53993	24.94103
-23	0.8942384	0.8076992	0.9134694	0.865392	24.13883	24.53993	25.0413
-22	0.7884683	0.8365456	0.9327003	0.8076992	23.838	24.43965	25.14158
-21	0.8557765	0.8557765	0.9134694	0.8365456	23.838	24.43965	25.14158
-20	0.8076992	0.9519312	0.9134694	0.7788528	23.838	24.53993	25.24185
-19	0.8365456	0.8269302	0.9327003	0.7980838	23.93828	24.74048	25.24185
-18	0.3269259	0.8076992	0.9230848	0.7980838	24.13883	24.74048	25.24185
-17	0.8173147	0.9327003	0.9327003	0.7692373	24.03855	24.6402	25.24185
-16	0.8076992	0.8461611	0.9711621	0.4423115	23.93828	24.53993	25.34213
-15	0.7788528	0.8269302	0.9519312	0.8269302	23.93828	24.6402	25.34213
-14	0.8461611	0.8076992	0.9423158	0.8461611	24.03855	24.74048	25.34213
-13	0.7692373	0.8173147	0.9327003	0.7692373	24.13883	24.84075	25.34213
-12	0.7980838	0.9038539	0.9230848	0.8557765	24.13883	24.6402	25.4424
-11	0.7980838	0.8750075	0.9423158	0.8461611	23.93828	24.53993	25.4424
-10	0.2980795	0.8269302	0.9134694	0.7980838	23.93828	24.6402	25.4424
-9	0.8173147	0.8942384	0.9423158	0.7980838	24.03855	24.74048	25.4424
-8	0.8557765	0.7980838	0.9327003	0.4711579	24.13883	24.84075	25.54268
-7	0.8173147	0.8269302	0.9038539	0.8076992	24.03855	24.74048	25.54268
-6	0.8076992	0.8076992	0.9615467	0.8269302	23.838	24.53993	25.4424
-5	0.8173147	0.8461611	0.9230848	0.8173147	23.93828	24.53993	25.4424
-4	0.7980838	0.9519312	0.9711621	0.7980838	23.73773	24.43965	25.4424
-3	0.8461611	0.8269302	0.9327003	0.8076992	23.63745	24.33938	25.24185
-2	0.8365456	0.7980838	0.9230848	0.865392	23.33663	23.93828	25.14158
-1	0.7884683	0.8750075	0.9038539	0.3653877	22.93553	23.53718	24.74048
